abilities: [0.0, 0.005520961204676052, 0.0066251534456112605, 0.006845991893798308, 0.0068901595834357145, 0.006898993121363193, 0.006900759828948692, 0.006901113170465795, 0.006901183838769214, 0.006901197972429902, 0.00690120079916203, 0.006901201364508475, 0.006901201477577751, 0.006901201500191597, 0.006901201504714382, 0.00690120150561893, 0.006901201505799839, 0.006901201505836016, 0.006901201505843257, 0.006901201505844703, 0.006901201505844998, 0.006833578948293935, 0.0068200544367837315, 0.006817349534481687, 0.006816808554021279, 0.006816700357929194, 0.006816678718710779, 0.0068166743908671, 0.006816673525298366, 0.006816673352184613, 0.006816673317561865, 0.006816673310637305, 0.006816673309252397, 0.006816673308975427, 0.006816673308920023, 0.00681667330890894, 0.006816673308906734, 0.0068166733089062865, 0.006816673308906193, 0.006816673308906175, 0.006816673308906169]
engagements: [0.0, 0.00841831264327098, 0.010101975171925171, 0.010438707677656017, 0.010506054178802163, 0.010519523479031411, 0.010522217339077267, 0.010522756111086426, 0.010522863865488256, 0.01052288541636863, 0.010522889726544705, 0.01052289058857991, 0.010522890760986961, 0.010522890795468375, 0.010522890802364647, 0.010522890803743913, 0.01052289080401976, 0.010522890804074937, 0.010522890804085954, 0.01052289080408817, 0.010522890804088613, 0.010419780528522786, 0.010399158473409621, 0.010395034062386989, 0.010394209180182468, 0.010394044203741544, 0.01039401120845338, 0.010394004609395742, 0.010394003289584213, 0.010394003025621903, 0.010394002972829447, 0.010394002962270943, 0.010394002960159252, 0.010394002959736904, 0.010394002959652454, 0.01039400295963555, 0.01039400295963217, 0.0103940029596315, 0.010394002959631374, 0.010394002959631334, 0.01039400295963133]
profDiffArray: [0.0, 0.03432909995953321, 0.03432909995953321, 0.03432909995953321, 0.03432909995953321, 0.03432909995953321, 0.03432909995953321, 0.03432909995953321, 0.03432909995953321, 0.03432909995953321, 0.03432909995953321, 0.03432909995953321, 0.03432909995953321, 0.03432909995953321, 0.03432909995953321, 0.03432909995953321, 0.03432909995953321, 0.03432909995953321, 0.03432909995953321, 0.03432909995953321, 0.03432909995953321, 0.034228384394851576, 0.034228384394851576, 0.034228384394851576, 0.034228384394851576, 0.034228384394851576, 0.034228384394851576, 0.034228384394851576, 0.034228384394851576, 0.034228384394851576, 0.034228384394851576, 0.034228384394851576, 0.034228384394851576, 0.034228384394851576, 0.034228384394851576, 0.034228384394851576, 0.034228384394851576, 0.034228384394851576, 0.034228384394851576, 0.034228384394851576, 0.034228384394851576]