abilities: [0.0, 0.00444363175889462, 0.00531565250189204, 0.005517123796875988, 0.005548817426964147, 0.005546158571288545, 0.005546463083760689, 0.0055074978112744, 0.005571429617134961, 0.005545117601586127, 0.0055319591049505035, 0.005506309642534557, 0.005543747257314741, 0.0055174755588839304, 0.005506501144194274, 0.005572030625725686, 0.005534922177004178, 0.005529137301549238, 0.005499257075888188, 0.005531716053494297, 0.0055148285502354295, 0.005531594883530086, 0.005509202720999209, 0.005504141897301538, 0.0054984971865014625, 0.00551693150198006, 0.005483218888970113, 0.0054200008748483365, 0.005507775463007921, 0.005462918142686308, 0.005513344708845811, 0.005529442827353287, 0.005495640452699299, 0.0054328025970819755, 0.005562085943313308, 0.0055820575079142684, 0.005489214603353146, 0.00550736693425366, 0.005561190141828613, 0.005573883032038748, 0.005516662940837922]
engagements: [0.0, 0.010606360620110923, 0.012687758667987969, 0.01316864397197907, 0.013244292470395358, 0.013237946133961028, 0.013238672964911033, 0.01314566801894018, 0.0132982647742169, 0.013235461477117813, 0.0132040538879861, 0.013142832017485513, 0.013232190646791497, 0.013169483581314643, 0.013143289106590213, 0.013299699302142474, 0.013211126348633149, 0.01319731861690678, 0.01312599847474221, 0.013203473756342975, 0.013163165522165324, 0.013203184539682715, 0.013149737412703462, 0.01313765789664891, 0.013124184719394272, 0.013168184989524568, 0.013087717446210689, 0.012936824417300095, 0.013146330736863778, 0.013039262252885445, 0.013159623789246089, 0.013198047866545876, 0.013117366074073175, 0.012967380433175336, 0.013275962662015407, 0.013323632142251171, 0.013102028422540872, 0.013145355632821303, 0.01327382450248594, 0.013304120750731691, 0.013167543969638866]
profDiffArray: [0.0, 0.02340704351766332, 0.02377464182641689, 0.023333108474373716, 0.023207805419786377, 0.023646715852906196, 0.023573951809014247, 0.02388970185188121, 0.02294264172768129, 0.023477532484982376, 0.023165851554874807, 0.02412893611646143, 0.023255953962934495, 0.02395877669064286, 0.023963957466700648, 0.022742033241147073, 0.02334758696026493, 0.023354368081453237, 0.023961686282640962, 0.023378094212517683, 0.02377733935018827, 0.02332101964102359, 0.02383242251602269, 0.023696422568569863, 0.02376264161396133, 0.02332064504354533, 0.024018411191949262, 0.024097008284698206, 0.02326625440023874, 0.024002695553103606, 0.023343266428158285, 0.023432679413814217, 0.023828011274149914, 0.02442591744274922, 0.022610206571289853, 0.022816905760487532, 0.024106452747377365, 0.023555118787253, 0.022912438370902375, 0.022971794489436648, 0.023445455117347462]