abilities: [0.0, 0.003535484922801024, 0.0042425819073612266, 0.0043840013042732665, 0.004412285183655679, 0.004417941959532155, 0.004419073314707447, 0.004419299585742514, 0.004419344839949527, 0.004419353890790923, 0.0044193557009592046, 0.004419356062992862, 0.004419356135399595, 0.004419356149880936, 0.004419356152777208, 0.004419356153356461, 0.004419356153472314, 0.004419356153495488, 0.004419356153500119, 0.004419356153501048, 0.00441935615350123, 0.004378463750652809, 0.004370285270083124, 0.004368649573969189, 0.0043683224347464, 0.0043682570069018415, 0.004368243921332928, 0.004368241304219144, 0.004368240780796389, 0.004368240676111838, 0.004368240655174935, 0.004368240650987547, 0.004368240650150074, 0.004368240649982581, 0.004368240649949074, 0.004368240649942378, 0.004368240649941034, 0.004368240649940765, 0.004368240649940712, 0.004368240649940703, 0.0043682406499407]
engagements: [0.0, 0.008438734371526922, 0.010126481245832302, 0.010464030620693378, 0.010531540495665593, 0.010545042470660033, 0.010547742865658934, 0.01054828294465871, 0.010548390960458662, 0.010548412563618643, 0.010548416884250646, 0.010548417748377049, 0.010548417921202329, 0.010548417955767383, 0.010548417962680395, 0.010548417964062999, 0.010548417964339512, 0.01054841796439484, 0.01054841796440588, 0.010548417964408101, 0.010548417964408531, 0.01045081321343765, 0.010431292263243484, 0.010427388073204641, 0.010426607235196873, 0.010426451067595321, 0.010426419834075018, 0.010426413587370951, 0.010426412338030138, 0.01042641208816197, 0.01042641203818834, 0.010426412028193612, 0.010426412026194671, 0.010426412025794897, 0.010426412025714921, 0.010426412025698934, 0.01042641202569574, 0.010426412025695095, 0.010426412025694963, 0.010426412025694939, 0.010426412025694934]
profDiffArray: [0.0, 0.03390869421689, 0.03390869421689, 0.03390869421689, 0.03390869421689, 0.03390869421689, 0.03390869421689, 0.03390869421689, 0.03390869421689, 0.03390869421689, 0.03390869421689, 0.03390869421689, 0.03390869421689, 0.03390869421689, 0.03390869421689, 0.03390869421689, 0.03390869421689, 0.03390869421689, 0.03390869421689, 0.03390869421689, 0.03390869421689, 0.03395992068461103, 0.03395992068461103, 0.03395992068461103, 0.03395992068461103, 0.03395992068461103, 0.03395992068461103, 0.03395992068461103, 0.03395992068461103, 0.03395992068461103, 0.03395992068461103, 0.03395992068461103, 0.03395992068461103, 0.03395992068461103, 0.03395992068461103, 0.03395992068461103, 0.03395992068461103, 0.03395992068461103, 0.03395992068461103, 0.03395992068461103, 0.03395992068461103]