abilities: [0.0, 0.0030392605208730368, 0.0036820828532834063, 0.0037276200487727034, 0.003844873816352324, 0.003806966572414985, 0.0038424176699275543, 0.0037784675270189105, 0.0038057194894410753, 0.003829478985768666, 0.003821734208040177, 0.003821323986331714, 0.003843280128508637, 0.003812872607456185, 0.003815906954632493, 0.003806025546200261, 0.003819719471015749, 0.003846384741337428, 0.0038508678401383157, 0.0038413621575826354, 0.0038273990926181306, 0.003836148992372327, 0.003823848694068172, 0.0038003323341983092, 0.0038025083698512577, 0.0037824571826722254, 0.0038059896238232566, 0.00380020612485778, 0.0038249819468267102, 0.0038343148472672196, 0.0037726610310928783, 0.0038222861463241766, 0.0038270427585460304, 0.0038085851436180317, 0.003830058160265911, 0.003769769291789541, 0.003809005370760769, 0.0038158975986407324, 0.0038354052039298015, 0.0038519441643400662, 0.003833898859183684]
engagements: [0.0, 0.010490643111685622, 0.012709478788069595, 0.012866659938847707, 0.013271385832113677, 0.013140541054325433, 0.01326290792921745, 0.013042170640792035, 0.013136236486710993, 0.013218247355728097, 0.013191514636183017, 0.013190098670190442, 0.013265884885325872, 0.013160926969055938, 0.013171400652731615, 0.013137292905603181, 0.013184560350118349, 0.013276601105591682, 0.0132920754583928, 0.01325926460768101, 0.013211068169671861, 0.013241270278031432, 0.013198813226788222, 0.013117641594087959, 0.013125152636091961, 0.01305594177140426, 0.01313716891200857, 0.013117205956162297, 0.013202724885615585, 0.013234939342732987, 0.013022128306128372, 0.013193419766565025, 0.01320983820812258, 0.013146127891230442, 0.013220246497594425, 0.01301214686334153, 0.013147578393071303, 0.013171368358569975, 0.013238702936716782, 0.013295790616404266, 0.013233503472891244]
profDiffArray: [0.0, 0.023745455541207182, 0.02304984765027821, 0.02450649363577918, 0.022728654293749852, 0.02350373119668178, 0.022707993224119337, 0.024023572128835612, 0.023639754946585847, 0.023008139971594864, 0.023165612727272106, 0.023178768725677895, 0.02320557648162441, 0.0238101520861181, 0.02329504141464051, 0.023662564428551715, 0.023411360103097988, 0.022981152782741834, 0.022832059367399005, 0.02291052434009758, 0.023393014028727847, 0.0234683783174133, 0.023402652376651015, 0.02355833627084224, 0.023749271501980376, 0.023868674809867402, 0.023147076897098665, 0.02386296242652423, 0.023144254462739905, 0.023352393736537837, 0.024119762279695, 0.023060483127386153, 0.023002408078812146, 0.02339381571937027, 0.023339525444245255, 0.024174701833156127, 0.02333812276017784, 0.023437806306186516, 0.023012454117705895, 0.023049982130492166, 0.02332222209182704]