abilities: [0.0, 0.0024180371202757503, 0.0029016445443308995, 0.0029983660291419295, 0.0030177103261041357, 0.0030215791854965746, 0.0030223529573750662, 0.003022507711750765, 0.003022538662625902, 0.0030225448528009295, 0.003022546090835933, 0.0030225463384429387, 0.0030225463879643344, 0.0030225463978686166, 0.003022546399849471, 0.0030225464002456427, 0.0030225464003248805, 0.003022546400340725, 0.003022546400343898, 0.0030225464003445315, 0.0030225464003446564, 0.003064492602877224, 0.0030728818433837387, 0.0030745596914850378, 0.0030748952611052986, 0.003074962375029352, 0.0030749757978141604, 0.003074978482371122, 0.003074979019282519, 0.003074979126664793, 0.0030749791481412495, 0.003074979152436541, 0.0030749791532955996, 0.0030749791534674113, 0.00307497915350177, 0.0030749791535086466, 0.0030749791535100205, 0.0030749791535102937, 0.0030749791535103505, 0.0030749791535103605, 0.0030749791535103635]
engagements: [0.0, 0.008346360664183605, 0.010015632797020314, 0.010349487223587674, 0.010416258108901117, 0.010429612285963839, 0.010432283121376366, 0.010432817288458872, 0.01043292412187537, 0.010432945488558675, 0.010432949761895339, 0.010432950616562664, 0.010432950787496127, 0.010432950821682841, 0.010432950828520172, 0.01043295082988764, 0.010432950830161124, 0.010432950830215823, 0.010432950830226767, 0.01043295083022896, 0.010432950830229389, 0.010577736918041706, 0.010606694135604175, 0.010612485579116667, 0.010613643867819166, 0.010613875525559665, 0.010613921857107772, 0.010613931123417379, 0.010613932976679319, 0.0106139333473317, 0.010613933421462177, 0.010613933436288261, 0.010613933439253485, 0.010613933439846528, 0.010613933439965143, 0.01061393343998885, 0.010613933439993601, 0.010613933439994548, 0.01061393343999475, 0.010613933439994797, 0.010613933439994803]
profDiffArray: [0.0, 0.03378843901764394, 0.03378843901764394, 0.03378843901764394, 0.03378843901764394, 0.03378843901764394, 0.03378843901764394, 0.03378843901764394, 0.03378843901764394, 0.03378843901764394, 0.03378843901764394, 0.03378843901764394, 0.03378843901764394, 0.03378843901764394, 0.03378843901764394, 0.03378843901764394, 0.03378843901764394, 0.03378843901764394, 0.03378843901764394, 0.03378843901764394, 0.03378843901764394, 0.03381556463738894, 0.03381556463738894, 0.03381556463738894, 0.03381556463738894, 0.03381556463738894, 0.03381556463738894, 0.03381556463738894, 0.03381556463738894, 0.03381556463738894, 0.03381556463738894, 0.03381556463738894, 0.03381556463738894, 0.03381556463738894, 0.03381556463738894, 0.03381556463738894, 0.03381556463738894, 0.03381556463738894, 0.03381556463738894, 0.03381556463738894, 0.03381556463738894]