abilities: [0.0, 0.004850441036334951, 0.005820529243601946, 0.006014546885055337, 0.006053350413346015, 0.0060611111190041565, 0.0060626632601357856, 0.006062973688362099, 0.006063035774007375, 0.006063048191136431, 0.006063050674562238, 0.006063051171247402, 0.006063051270584432, 0.0060630512904518395, 0.006063051294425326, 0.006063051295220022, 0.00606305129537895, 0.006063051295410744, 0.006063051295417103, 0.006063051295418374, 0.006063051295418631, 0.005962684754715524, 0.005942611446574913, 0.005938596784946782, 0.005937793852621164, 0.005937633266156037, 0.0059376011488630085, 0.005937594725404405, 0.005937593440712682, 0.00593759318377435, 0.005937593132386672, 0.005937593122109132, 0.005937593120053627, 0.005937593119642527, 0.005937593119560314, 0.005937593119543867, 0.005937593119540573, 0.005937593119539921, 0.005937593119539786, 0.005937593119539759, 0.0059375931195397545]
engagements: [0.0, 0.008512003257141378, 0.010214403908569645, 0.010554884038855296, 0.01062298006491243, 0.010636599270123859, 0.010639323111166152, 0.0106398678793746, 0.010639976833016295, 0.010639998623744632, 0.010640002981890296, 0.010640003853519424, 0.010640004027845266, 0.01064000406271042, 0.01064000406968345, 0.010640004071078051, 0.010640004071356986, 0.010640004071412771, 0.010640004071423924, 0.010640004071426162, 0.010640004071426606, 0.010463871568222665, 0.01042864506758188, 0.010421599767453714, 0.010420190707428091, 0.010419908895422953, 0.010419852533021943, 0.010419841260541728, 0.010419839006045697, 0.010419838555146483, 0.01041983846496664, 0.010419838446930675, 0.010419838443323474, 0.010419838442602032, 0.010419838442457759, 0.010419838442428891, 0.01041983844242312, 0.01041983844242197, 0.01041983844242174, 0.01041983844242169, 0.010419838442421675]
profDiffArray: [0.0, 0.033903585589511696, 0.033903585589511696, 0.033903585589511696, 0.033903585589511696, 0.033903585589511696, 0.033903585589511696, 0.033903585589511696, 0.033903585589511696, 0.033903585589511696, 0.033903585589511696, 0.033903585589511696, 0.033903585589511696, 0.033903585589511696, 0.033903585589511696, 0.033903585589511696, 0.033903585589511696, 0.033903585589511696, 0.033903585589511696, 0.033903585589511696, 0.033903585589511696, 0.034465706312894855, 0.034465706312894855, 0.034465706312894855, 0.034465706312894855, 0.034465706312894855, 0.034465706312894855, 0.034465706312894855, 0.034465706312894855, 0.034465706312894855, 0.034465706312894855, 0.034465706312894855, 0.034465706312894855, 0.034465706312894855, 0.034465706312894855, 0.034465706312894855, 0.034465706312894855, 0.034465706312894855, 0.034465706312894855, 0.034465706312894855, 0.034465706312894855]