abilities: [0.0, 0.004005324910843409, 0.004806389893012093, 0.00496660288944583, 0.004998645488732579, 0.0050050540085899275, 0.005006335712561396, 0.005006592053355693, 0.0050066433215145536, 0.005006653575146321, 0.005006655625872674, 0.0050066560360179455, 0.005006656118047002, 0.005006656134452812, 0.005006656137733974, 0.005006656138390206, 0.005006656138521459, 0.005006656138547698, 0.005006656138552951, 0.005006656138554006, 0.0050066561385542115, 0.004986501954185456, 0.00498247111731171, 0.004981664949936958, 0.00498150371646201, 0.004981471469767016, 0.00498146502042802, 0.004981463730560223, 0.00498146347258666, 0.0049814634209919524, 0.00498146341067301, 0.004981463408609214, 0.004981463408196461, 0.004981463408113907, 0.004981463408097396, 0.004981463408094097, 0.004981463408093437, 0.004981463408093307, 0.004981463408093277, 0.004981463408093275, 0.004981463408093272]
engagements: [0.0, 0.008375534111414512, 0.010050640933697414, 0.010385662298154005, 0.010452666571045318, 0.010466067425623572, 0.010468747596539221, 0.010469283630722359, 0.01046939083755899, 0.010469412278926313, 0.010469416567199772, 0.010469417424854462, 0.01046941759638541, 0.010469417630691591, 0.010469417637552832, 0.010469417638925085, 0.01046941763919953, 0.010469417639254412, 0.010469417639265403, 0.010469417639267599, 0.010469417639268027, 0.010427273228408567, 0.010418844346236678, 0.0104171585698023, 0.010416821414515425, 0.010416753983458045, 0.010416740497246583, 0.010416737800004275, 0.010416737260555819, 0.010416737152666123, 0.01041673713108819, 0.010416737126772598, 0.010416737125909476, 0.010416737125736876, 0.010416737125702348, 0.010416737125695439, 0.01041673712569404, 0.010416737125693775, 0.01041673712569371, 0.01041673712569371, 0.010416737125693706]
profDiffArray: [0.0, 0.03401540290754583, 0.03401540290754583, 0.03401540290754583, 0.03401540290754583, 0.03401540290754583, 0.03401540290754583, 0.03401540290754583, 0.03401540290754583, 0.03401540290754583, 0.03401540290754583, 0.03401540290754583, 0.03401540290754583, 0.03401540290754583, 0.03401540290754583, 0.03401540290754583, 0.03401540290754583, 0.03401540290754583, 0.03401540290754583, 0.03401540290754583, 0.03401540290754583, 0.034462123526535035, 0.034462123526535035, 0.034462123526535035, 0.034462123526535035, 0.034462123526535035, 0.034462123526535035, 0.034462123526535035, 0.034462123526535035, 0.034462123526535035, 0.034462123526535035, 0.034462123526535035, 0.034462123526535035, 0.034462123526535035, 0.034462123526535035, 0.034462123526535035, 0.034462123526535035, 0.034462123526535035, 0.034462123526535035, 0.034462123526535035, 0.034462123526535035]