abilities: [0.0, 0.0031569396101236305, 0.0037883275321483525, 0.0039146051165533016, 0.0039398606334342876, 0.003944911736810489, 0.0039459219574857285, 0.003946124001620776, 0.003946164410447787, 0.003946172492213188, 0.003946174108566267, 0.003946174431836881, 0.003946174496491005, 0.003946174509421831, 0.003946174512007994, 0.003946174512525233, 0.003946174512628677, 0.003946174512649368, 0.0039461745126535, 0.0039461745126543315, 0.003946174512654496, 0.0038972531398245385, 0.0038874688652585482, 0.003885512010345343, 0.0038851206393627075, 0.0038850423651661838, 0.003885026710326873, 0.003885023579359013, 0.0038850229531654412, 0.003885022827926723, 0.003885022802878986, 0.0038850227978694373, 0.003885022796867527, 0.003885022796667138, 0.0038850227966270683, 0.003885022796619052, 0.0038850227966174514, 0.003885022796617131, 0.0038850227966170676, 0.003885022796617052, 0.003885022796617049]
engagements: [0.0, 0.008423691446310699, 0.01010842973557284, 0.010445377393425269, 0.01051276692499576, 0.010526244831309848, 0.010528940412572666, 0.010529479528825226, 0.010529587352075742, 0.010529608916725846, 0.010529613229655881, 0.01052961409224188, 0.01052961426475907, 0.010529614299262514, 0.010529614306163214, 0.01052961430754333, 0.01052961430781936, 0.010529614307874566, 0.010529614307885609, 0.010529614307887816, 0.010529614307888254, 0.01039907695185903, 0.010372969480653176, 0.01036774798641202, 0.01036670368756377, 0.010366494827794137, 0.010366453055840202, 0.010366444701449413, 0.010366443030571259, 0.010366442696395627, 0.010366442629560511, 0.010366442616193487, 0.010366442613520077, 0.010366442612985383, 0.010366442612878453, 0.01036644261285706, 0.010366442612852788, 0.010366442612851936, 0.01036644261285176, 0.01036644261285172, 0.010366442612851723]
profDiffArray: [0.0, 0.033823015982494216, 0.033823015982494216, 0.033823015982494216, 0.033823015982494216, 0.033823015982494216, 0.033823015982494216, 0.033823015982494216, 0.033823015982494216, 0.033823015982494216, 0.033823015982494216, 0.033823015982494216, 0.033823015982494216, 0.033823015982494216, 0.033823015982494216, 0.033823015982494216, 0.033823015982494216, 0.033823015982494216, 0.033823015982494216, 0.033823015982494216, 0.033823015982494216, 0.03440385246693719, 0.03440385246693719, 0.03440385246693719, 0.03440385246693719, 0.03440385246693719, 0.03440385246693719, 0.03440385246693719, 0.03440385246693719, 0.03440385246693719, 0.03440385246693719, 0.03440385246693719, 0.03440385246693719, 0.03440385246693719, 0.03440385246693719, 0.03440385246693719, 0.03440385246693719, 0.03440385246693719, 0.03440385246693719, 0.03440385246693719, 0.03440385246693719]