abilities: [0.0, 0.0034930106809608094, 0.004191612817152974, 0.004331333244391404, 0.004359277329839094, 0.004364866146928629, 0.004365983910346535, 0.004366207463030117, 0.004366252173566833, 0.004366261115674176, 0.0043662629040956465, 0.00436626326177994, 0.0043662633333167965, 0.00436626334762417, 0.004366263350485646, 0.0043662633510579375, 0.0043662633511723946, 0.004366263351195294, 0.004366263351199873, 0.004366263351200784, 0.00436626335120097, 0.004368754870666322, 0.004369253174559396, 0.004369352835338007, 0.004369372767493731, 0.00436937675392487, 0.004369377551211097, 0.0043693777106683495, 0.0043693777425598, 0.004369377748938086, 0.0043693777502137494, 0.004369377750468882, 0.004369377750519905, 0.004369377750530111, 0.004369377750532155, 0.0043693777505325595, 0.004369377750532639, 0.004369377750532656, 0.004369377750532659, 0.004369377750532662, 0.004369377750532663]
engagements: [0.0, 0.008335352409498412, 0.010002422891398096, 0.010335836987778032, 0.010402519807054027, 0.010415856370909207, 0.01041852368368025, 0.01041905714623446, 0.0104191638387453, 0.01041918517724747, 0.010419189444947912, 0.010419190298488, 0.010419190469196014, 0.010419190503337615, 0.01041919051016594, 0.010419190511531602, 0.010419190511804741, 0.010419190511859357, 0.010419190511870284, 0.01041919051187247, 0.010419190511872919, 0.010425136011235979, 0.010426325111108602, 0.010426562931083122, 0.01042661049507802, 0.010426620007876993, 0.010426621910436789, 0.010426622290948762, 0.010426622367051148, 0.010426622382271622, 0.010426622385315724, 0.010426622385924542, 0.010426622386046311, 0.010426622386070656, 0.010426622386075531, 0.010426622386076495, 0.010426622386076686, 0.010426622386076735, 0.010426622386076737, 0.01042662238607675, 0.010426622386076752]
profDiffArray: [0.0, 0.0342358471569358, 0.0342358471569358, 0.0342358471569358, 0.0342358471569358, 0.0342358471569358, 0.0342358471569358, 0.0342358471569358, 0.0342358471569358, 0.0342358471569358, 0.0342358471569358, 0.0342358471569358, 0.0342358471569358, 0.0342358471569358, 0.0342358471569358, 0.0342358471569358, 0.0342358471569358, 0.0342358471569358, 0.0342358471569358, 0.0342358471569358, 0.0342358471569358, 0.03405605942633352, 0.03405605942633352, 0.03405605942633352, 0.03405605942633352, 0.03405605942633352, 0.03405605942633352, 0.03405605942633352, 0.03405605942633352, 0.03405605942633352, 0.03405605942633352, 0.03405605942633352, 0.03405605942633352, 0.03405605942633352, 0.03405605942633352, 0.03405605942633352, 0.03405605942633352, 0.03405605942633352, 0.03405605942633352, 0.03405605942633352, 0.03405605942633352]