abilities: [0.0, 0.004408992865432376, 0.005370400550286925, 0.0055296633052749405, 0.005543488966770317, 0.005596335095016382, 0.005539750408375668, 0.005530745051370419, 0.005524893356259023, 0.005560598282619903, 0.005531810265632058, 0.005591858936010189, 0.0055633936362015695, 0.005544864359592494, 0.005553218458304827, 0.005542531853229991, 0.005551329244954531, 0.0055710051231988465, 0.00555314192795424, 0.005568256122967357, 0.00553924223839603, 0.005592915588006326, 0.005580577850758164, 0.0055687011031673485, 0.005600425092705731, 0.0055519473673748924, 0.005552625029553408, 0.005509457867966195, 0.005569126201570786, 0.005560583812304149, 0.005567735458328062, 0.005551793648436005, 0.005542722708897835, 0.005522413571046684, 0.005576377896953328, 0.005524306940732966, 0.00554892715755138, 0.005547399990753705, 0.005599841395955805, 0.005568312992844162, 0.005551268642635901]
engagements: [0.0, 0.010468757799957672, 0.012751534049987578, 0.013129689165999534, 0.013162516958204439, 0.01328799534616263, 0.013153640086875973, 0.01313225767500381, 0.013118363350220326, 0.013203141492926793, 0.013134786930652564, 0.013277367108390378, 0.013209778809090566, 0.01316578270500302, 0.013185618762516744, 0.013160244378015166, 0.013181132994995591, 0.013227851601745047, 0.01318543704806876, 0.013221324347450495, 0.013152433482873553, 0.013279876033708256, 0.013250581184069656, 0.013222380912993149, 0.01329770667855055, 0.013182600671199014, 0.01318420971921371, 0.013081713168785794, 0.013223390270994543, 0.013203107134460894, 0.013220088076000273, 0.013182235679376689, 0.013160697547666893, 0.013112475322823553, 0.013240608770755362, 0.01311697095919141, 0.013175429454072443, 0.013171803333592578, 0.013296320743011498, 0.013221459379868234, 0.013180989100229799]
profDiffArray: [0.0, 0.02385015432537282, 0.023002517799289905, 0.023400992760112, 0.0235996691167056, 0.022637742589517198, 0.023693877977001454, 0.023631970118211797, 0.02382920899919526, 0.023502478168222422, 0.023498081091697487, 0.022917486592400546, 0.02339681237808284, 0.023631595005959922, 0.023251023907982258, 0.023569074814712872, 0.023336322964418496, 0.023122947722706778, 0.023629595205005696, 0.023254192255287316, 0.023801048251475037, 0.023058728337084736, 0.023309034717092576, 0.02355976466315457, 0.02283246773786206, 0.023384340758910053, 0.02360361578415574, 0.023971651224836243, 0.02320811474777843, 0.02357095835434658, 0.023399474796786654, 0.023520472123348183, 0.023415368056296917, 0.02373298764067914, 0.023444392833799493, 0.023518710141629613, 0.023450116837727797, 0.023524906992230185, 0.023188106798273003, 0.023474250175830585, 0.023656896517247165]