abilities: [0.0, 0.0035632620217789937, 0.00427591442613479, 0.0044184449070059535, 0.004446951003180181, 0.004452652222415028, 0.004453792466262001, 0.004454020515031391, 0.004454066124785275, 0.004454075246736048, 0.0044540770711261985, 0.004454077436004232, 0.004454077508979838, 0.004454077523574969, 0.004454077526493988, 0.004454077527077788, 0.004454077527194551, 0.004454077527217907, 0.004454077527222577, 0.00445407752722351, 0.004454077527223697, 0.004412977893215127, 0.004404757966413412, 0.004403113981053067, 0.004402785183981, 0.004402719424566587, 0.004402706272683703, 0.00440270364230713, 0.004402703116231815, 0.004402703011016747, 0.004402702989973738, 0.004402702985765135, 0.004402702984923418, 0.004402702984755071, 0.004402702984721404, 0.004402702984714668, 0.0044027029847133175, 0.004402702984713051, 0.004402702984713001, 0.00440270298471299, 0.004402702984712987]
engagements: [0.0, 0.008460645826001732, 0.010152774991202066, 0.010491200824242129, 0.010558885990850145, 0.010572423024171758, 0.01057513043083607, 0.010575671912168929, 0.010575780208435503, 0.010575801867688814, 0.010575806199539493, 0.010575807065909607, 0.010575807239183641, 0.010575807273838446, 0.01057580728076941, 0.0105758072821556, 0.010575807282432844, 0.010575807282488294, 0.01057580728249937, 0.0105758072825016, 0.01057580728250204, 0.010478219890724666, 0.01045870241236918, 0.010454798916698102, 0.010454018217563877, 0.010453862077737025, 0.01045383084977166, 0.010453824604178577, 0.010453823355059974, 0.010453823105236243, 0.010453823055271509, 0.010453823045278553, 0.010453823043279967, 0.01045382304288025, 0.010453823042800297, 0.010453823042784314, 0.01045382304278113, 0.010453823042780483, 0.010453823042780346, 0.010453823042780325, 0.01045382304278032]
profDiffArray: [0.0, 0.03377818347010695, 0.03377818347010695, 0.03377818347010695, 0.03377818347010695, 0.03377818347010695, 0.03377818347010695, 0.03377818347010695, 0.03377818347010695, 0.03377818347010695, 0.03377818347010695, 0.03377818347010695, 0.03377818347010695, 0.03377818347010695, 0.03377818347010695, 0.03377818347010695, 0.03377818347010695, 0.03377818347010695, 0.03377818347010695, 0.03377818347010695, 0.03377818347010695, 0.03435721441997454, 0.03435721441997454, 0.03435721441997454, 0.03435721441997454, 0.03435721441997454, 0.03435721441997454, 0.03435721441997454, 0.03435721441997454, 0.03435721441997454, 0.03435721441997454, 0.03435721441997454, 0.03435721441997454, 0.03435721441997454, 0.03435721441997454, 0.03435721441997454, 0.03435721441997454, 0.03435721441997454, 0.03435721441997454, 0.03435721441997454, 0.03435721441997454]