abilities: [0.0, 0.0053105586361459406, 0.00637267036337513, 0.0065850927088209705, 0.006627577177910131, 0.006636074071727968, 0.006637773450491531, 0.006638113326244243, 0.006638181301394788, 0.006638194896424897, 0.006638197615430915, 0.0066381981592321245, 0.006638198267992363, 0.006638198289744415, 0.0066381982940948246, 0.006638198294964909, 0.006638198295138922, 0.006638198295173731, 0.0066381982951806895, 0.006638198295182077, 0.0066381982951823565, 0.006757485085393931, 0.006781342443436238, 0.006786113915044705, 0.006787068209366398, 0.006787259068230749, 0.006787297240003599, 0.0067873048743581806, 0.006787306401229098, 0.00678730670660328, 0.006787306767678121, 0.006787306779893086, 0.00678730678233607, 0.006787306782824677, 0.006787306782922393, 0.006787306782941938, 0.006787306782945836, 0.006787306782946627, 0.006787306782946784, 0.0067873067829468175, 0.006787306782946827]
engagements: [0.0, 0.008414817460987474, 0.010097780953184976, 0.010434373651624479, 0.010501692191312367, 0.010515155899249954, 0.010517848640837466, 0.010518387189154965, 0.01051849489881847, 0.010518516440751174, 0.010518520749137708, 0.010518521610815018, 0.010518521783150487, 0.010518521817617582, 0.010518521824510987, 0.010518521825889676, 0.010518521826165422, 0.010518521826220565, 0.010518521826231593, 0.010518521826233793, 0.01051852182623423, 0.01070753707564799, 0.010745340125530727, 0.010752900735507295, 0.010754412857502605, 0.010754715281901677, 0.010754775766781483, 0.010754787863757432, 0.01075479028315264, 0.010754790767031671, 0.010754790863807479, 0.010754790883162635, 0.010754790887033664, 0.010754790887807881, 0.010754790887962726, 0.010754790887993686, 0.010754790887999879, 0.010754790888001128, 0.01075479088800137, 0.010754790888001417, 0.010754790888001426]
profDiffArray: [0.0, 0.033978022759156526, 0.033978022759156526, 0.033978022759156526, 0.033978022759156526, 0.033978022759156526, 0.033978022759156526, 0.033978022759156526, 0.033978022759156526, 0.033978022759156526, 0.033978022759156526, 0.033978022759156526, 0.033978022759156526, 0.033978022759156526, 0.033978022759156526, 0.033978022759156526, 0.033978022759156526, 0.033978022759156526, 0.033978022759156526, 0.033978022759156526, 0.033978022759156526, 0.0335754884052666, 0.0335754884052666, 0.0335754884052666, 0.0335754884052666, 0.0335754884052666, 0.0335754884052666, 0.0335754884052666, 0.0335754884052666, 0.0335754884052666, 0.0335754884052666, 0.0335754884052666, 0.0335754884052666, 0.0335754884052666, 0.0335754884052666, 0.0335754884052666, 0.0335754884052666, 0.0335754884052666, 0.0335754884052666, 0.0335754884052666, 0.0335754884052666]