abilities: [0.0, 0.006699628569555042, 0.008087416480923811, 0.008316984448838117, 0.008279398769482582, 0.008341435704548518, 0.008275217713523677, 0.008342860685856893, 0.008356930942862148, 0.008384751733736717, 0.008328244971100993, 0.00839390031184033, 0.00830313490914566, 0.008260783977161018, 0.00828452390882972, 0.008311622385489438, 0.008322871250837296, 0.008387849208588441, 0.00840061353548879, 0.008300545710021822, 0.008307935559311952, 0.008330259003822345, 0.008331976451382487, 0.008317205224233421, 0.008358073655673768, 0.008279603707899518, 0.00829857406642784, 0.008417917231577764, 0.008421716809962938, 0.00839062601202154, 0.008346850435110112, 0.008259548029811785, 0.008254988946764442, 0.00831820397946208, 0.0083197516160688, 0.00835691574514124, 0.008283730395028928, 0.008317823283654446, 0.00846313396871818, 0.008308462447606952, 0.008377821723193315]
engagements: [0.0, 0.0106158608409861, 0.012814872799774757, 0.013178633503166733, 0.013119077314713894, 0.013217377610442848, 0.013112452244716778, 0.013219635557001168, 0.013241930507954646, 0.013286013794265883, 0.013196476303868075, 0.013300510125074761, 0.013156688288658137, 0.013089581344479437, 0.013127198327026012, 0.013170137074187252, 0.013187961403985836, 0.013290921881578918, 0.01331114752792576, 0.013152585586948203, 0.013164295133363394, 0.013199667628712, 0.013202389001115086, 0.013178983331645936, 0.013243741187466714, 0.013119402048793211, 0.01314946142957073, 0.01333856600759343, 0.013344586609328671, 0.013295321850699968, 0.013225957492974607, 0.013087622930676347, 0.013080398859865467, 0.013180565903935054, 0.013183018203294459, 0.01324190642648677, 0.01312594096895055, 0.01317996267441649, 0.013410213948099764, 0.013165130011410809, 0.01327503288289271]
profDiffArray: [0.0, 0.023010375212371495, 0.022585248625451734, 0.023159808644151212, 0.023798087364290475, 0.023331699219174076, 0.023831074660498323, 0.023126376644923057, 0.02289969822539295, 0.022900451803058438, 0.02333306963097445, 0.022683340665161183, 0.023601411907531063, 0.023509909971795893, 0.023393746935605905, 0.023074429845518094, 0.02330897904701188, 0.022771471801643753, 0.02309963080141793, 0.023560274806921036, 0.023312276970115103, 0.023575858426756722, 0.023484799529843163, 0.02367917110443651, 0.023234767865079643, 0.023927395412293644, 0.023357856161495865, 0.023027686764418444, 0.022867200687407482, 0.022960148690834514, 0.02323530470304076, 0.023980156908208015, 0.023594366204337407, 0.023524037068314192, 0.023399344604822847, 0.023134851880486473, 0.023866905640474046, 0.023558206731874348, 0.022032235408880423, 0.02376316182980873, 0.02311673637981895]