abilities: [0.0, 0.003784925132912035, 0.004541910159494446, 0.0046933071648109234, 0.004723586565874223, 0.0047296424460868845, 0.004730853622129409, 0.004731095857337919, 0.004731144304379617, 0.0047311539937879565, 0.004731155931669631, 0.0047311563192459615, 0.0047311563967612266, 0.004731156412264283, 0.00473115641536489, 0.004731156415985016, 0.004731156416109035, 0.004731156416133843, 0.004731156416138804, 0.0047311564161398, 0.004731156416139998, 0.004770536204498842, 0.004778412162170614, 0.004779987353704973, 0.0047803023920118416, 0.004780365399673209, 0.004780378001205491, 0.0047803805215119455, 0.004780381025573235, 0.004780381126385494, 0.004780381146547947, 0.004780381150580436, 0.004780381151386931, 0.0047803811515482325, 0.004780381151580494, 0.004780381151586944, 0.004780381151588236, 0.004780381151588495, 0.004780381151588548, 0.004780381151588555, 0.004780381151588558]
engagements: [0.0, 0.008370008386129767, 0.010044010063355709, 0.010378810398800904, 0.010445770465889946, 0.010459162479307744, 0.010461840881991315, 0.010462376562528025, 0.010462483698635354, 0.01046250512585684, 0.010462509411301129, 0.01046251026838998, 0.010462510439807764, 0.010462510474091309, 0.010462510480948031, 0.010462510482319368, 0.010462510482593626, 0.010462510482648473, 0.010462510482659457, 0.010462510482661657, 0.010462510482662087, 0.01054959520619901, 0.010567012150906389, 0.010570495539847872, 0.010571192217636171, 0.01057133155319383, 0.010571359420305355, 0.010571364993727657, 0.010571366108412117, 0.010571366331349, 0.010571366375936397, 0.01057136638485387, 0.010571366386637365, 0.010571366386994055, 0.010571366387065396, 0.010571366387079667, 0.01057136638708252, 0.010571366387083095, 0.010571366387083203, 0.010571366387083237, 0.010571366387083244]
profDiffArray: [0.0, 0.03382173322922242, 0.03382173322922242, 0.03382173322922242, 0.03382173322922242, 0.03382173322922242, 0.03382173322922242, 0.03382173322922242, 0.03382173322922242, 0.03382173322922242, 0.03382173322922242, 0.03382173322922242, 0.03382173322922242, 0.03382173322922242, 0.03382173322922242, 0.03382173322922242, 0.03382173322922242, 0.03382173322922242, 0.03382173322922242, 0.03382173322922242, 0.03382173322922242, 0.033702466465333515, 0.033702466465333515, 0.033702466465333515, 0.033702466465333515, 0.033702466465333515, 0.033702466465333515, 0.033702466465333515, 0.033702466465333515, 0.033702466465333515, 0.033702466465333515, 0.033702466465333515, 0.033702466465333515, 0.033702466465333515, 0.033702466465333515, 0.033702466465333515, 0.033702466465333515, 0.033702466465333515, 0.033702466465333515, 0.033702466465333515, 0.033702466465333515]