abilities: [0.0, 0.0027695659055943954, 0.0033440044774340587, 0.003418566832688777, 0.003463471291850383, 0.003462861010484624, 0.003444204001326073, 0.003467460647013299, 0.0034577434343296414, 0.0034706244388178773, 0.0034531513871006963, 0.0034497886582189486, 0.003442800163830425, 0.003487554787987206, 0.0034677554695616403, 0.003480679021833592, 0.0034347276533687283, 0.0034392035648335515, 0.0034398538630526915, 0.003451911597722926, 0.0034851287014821407, 0.00347025353240811, 0.0034643349008407808, 0.003488518605495961, 0.003496262722523479, 0.0034693842353060835, 0.0034863083413403345, 0.003476366806162751, 0.0034621899498270643, 0.003450038950024356, 0.0034332289195986732, 0.0034333890699983017, 0.003472743586967261, 0.0034710526369966543, 0.003503799686598945, 0.003502219536983092, 0.0034690698688538634, 0.003463009924959348, 0.003484526733971111, 0.0034769532729375633, 0.0034575094684515693]
engagements: [0.0, 0.01051149581607853, 0.012691696197766455, 0.012974687075042105, 0.013145115600915832, 0.01314279936427749, 0.01307198932386122, 0.013160256634396607, 0.013123376327536285, 0.013172264358874126, 0.013105947861531266, 0.013093185099504306, 0.013066661257129833, 0.013236521105427319, 0.013161375591694963, 0.01321042510713023, 0.013036023185014657, 0.013053010874146924, 0.013055478989094435, 0.013101242416237136, 0.01322731323711269, 0.013170856636036933, 0.013148393306736424, 0.013240179138511235, 0.013269570839777341, 0.013167557341792866, 0.013231790393409552, 0.013194058702239662, 0.013140252448430492, 0.013094135046663893, 0.013030334952890793, 0.013030942781089511, 0.013180307286056639, 0.013173889524520335, 0.013298176321302499, 0.013292179086846994, 0.013166364208370585, 0.01314336454811181, 0.013225028554534503, 0.013196284553965135, 0.013122488343125606]
profDiffArray: [0.0, 0.023441117052411704, 0.02294953636590167, 0.023800219331739078, 0.023309881499535366, 0.023792987450870388, 0.02412441887454769, 0.02380367651591991, 0.023450597609204062, 0.023415698093700588, 0.02411058995174673, 0.023880910373827183, 0.023917549792575148, 0.023065784556649666, 0.02343233742178942, 0.023173111097423905, 0.024124275249472887, 0.023689365858672696, 0.02405568849848512, 0.023375281676634267, 0.023200468847707052, 0.023492783421645604, 0.023784670333958372, 0.022948897361022316, 0.02311090086566646, 0.023532262203020664, 0.02310313020720406, 0.023249686381336586, 0.023554124737830966, 0.02394767863210394, 0.02405296818029067, 0.023757647521667185, 0.023517033694530218, 0.023481515366786294, 0.023009669015085634, 0.022632128004658345, 0.023518359308222183, 0.023649009028918876, 0.02327940488836239, 0.023326605603767026, 0.023976864201475136]