abilities: [0.0, 0.002743121130282973, 0.003381284322079539, 0.0035115427968030353, 0.003540129429370381, 0.0035687951885136873, 0.0035697124480587824, 0.003592513168303858, 0.003586230205799137, 0.003565342906055663, 0.0036123305603512424, 0.0035938106488257967, 0.003573198900794946, 0.003597468817283861, 0.0035832274492418196, 0.003562620439995684, 0.003581608845871331, 0.0035892287436202247, 0.003612550964479546, 0.0035828956219456118, 0.003601071179609111, 0.0035954866790153996, 0.003584659328202893, 0.0036008372359177332, 0.0036176203923051343, 0.003601554441249407, 0.003590888281324357, 0.003589798562342384, 0.003614294030146387, 0.0035920597439394095, 0.0035836908813328882, 0.003563422832221395, 0.003587020989692984, 0.0035941061123340385, 0.0035790509619159348, 0.003603493420285395, 0.0035935244214953983, 0.0035882804012461883, 0.00359271593684703, 0.00361103315381046, 0.003602460866471406]
engagements: [0.0, 0.010411128410312283, 0.012833186577260028, 0.013327564201312607, 0.01343606072346449, 0.01354485755934803, 0.013548338888263534, 0.013634875798244834, 0.013611029702382838, 0.013531754909383981, 0.01371008990785345, 0.01363980020211991, 0.013561571226687085, 0.013653684263287684, 0.013599633164418087, 0.013521422174372633, 0.013593489984173698, 0.013622410228730666, 0.013710926420560314, 0.013598373760831147, 0.013667356520168573, 0.01364616133773689, 0.013605067658566818, 0.013666468619964397, 0.013730166717124834, 0.013669190671397762, 0.01362870876945086, 0.013624572895126053, 0.013717541979853217, 0.013633154890177539, 0.013601392055396826, 0.013524467540618063, 0.013614031010845927, 0.013640921592090937, 0.013583781897270684, 0.01367654979218384, 0.013638713866755997, 0.013618810929332604, 0.013635645377581742, 0.013705165784763391, 0.013672630880171779]
profDiffArray: [0.0, 0.02404785183492549, 0.022067912295101685, 0.021771977691892073, 0.021962495114618206, 0.02154971475247499, 0.021609502443810998, 0.021086268890399967, 0.021068531311260047, 0.021578917390668022, 0.020619169483542702, 0.021462578142259894, 0.021742495644991713, 0.020967899055409696, 0.02137745037414845, 0.022038150792290368, 0.021258155277217857, 0.020972174807562447, 0.020900991110023553, 0.02124466315404864, 0.021139644390582468, 0.0211741067115936, 0.02144630243928776, 0.020951965950785145, 0.021043351768040192, 0.021374260100783832, 0.021533445253269178, 0.021331131870050597, 0.02083632832753474, 0.021192429090570192, 0.021309491627357745, 0.021699706995560664, 0.021142607867787513, 0.021217269191502127, 0.021758763403309626, 0.02091893396494751, 0.021410852430534602, 0.02155227719509246, 0.021343797745684373, 0.020807690222041146, 0.021255320436358114]