abilities: [0.0, 0.005937697171774187, 0.007125236606129025, 0.007362744492999979, 0.007410246070374179, 0.0074197463858490294, 0.007421646448943993, 0.007422026461562976, 0.007422102464086781, 0.007422117664591547, 0.007422120704692486, 0.007422121312712685, 0.007422121434316712, 0.00742212145863752, 0.007422121463501687, 0.007422121464474524, 0.007422121464669086, 0.0074221214647079954, 0.0074221214647157835, 0.007422121464717331, 0.007422121464717643, 0.007426815251674728, 0.007427754009066142, 0.007427941760544426, 0.007427979310840074, 0.007427986820899216, 0.007427988322911039, 0.007427988623313405, 0.007427988683393876, 0.007427988695409965, 0.0074279886978131865, 0.007427988698293834, 0.007427988698389958, 0.007427988698409183, 0.007427988698413028, 0.007427988698413801, 0.007427988698413956, 0.007427988698413986, 0.007427988698414001, 0.007427988698413992, 0.007427988698413997]
engagements: [0.0, 0.008427083536346682, 0.010112500243616006, 0.010449583585069883, 0.010517000253360649, 0.010530483587018807, 0.010533180253750428, 0.01053371958709677, 0.010533827453766022, 0.010533849027099874, 0.01053385334176666, 0.0105338542047, 0.010533854377286668, 0.010533854411804015, 0.010533854418707482, 0.010533854420088173, 0.010533854420364315, 0.01053385442041953, 0.010533854420430587, 0.010533854420432798, 0.010533854420433237, 0.0105405160829675, 0.01054184841547436, 0.01054211488197574, 0.01054216817527602, 0.01054217883393606, 0.010542180965668077, 0.010542181392014478, 0.010542181477283757, 0.010542181494337615, 0.010542181497748389, 0.01054218149843054, 0.010542181498566968, 0.010542181498594252, 0.010542181498599711, 0.0105421814986008, 0.01054218149860102, 0.010542181498601066, 0.010542181498601082, 0.010542181498601077, 0.010542181498601073]
profDiffArray: [0.0, 0.03367991903428764, 0.03367991903428764, 0.03367991903428764, 0.03367991903428764, 0.03367991903428764, 0.03367991903428764, 0.03367991903428764, 0.03367991903428764, 0.03367991903428764, 0.03367991903428764, 0.03367991903428764, 0.03367991903428764, 0.03367991903428764, 0.03367991903428764, 0.03367991903428764, 0.03367991903428764, 0.03367991903428764, 0.03367991903428764, 0.03367991903428764, 0.03367991903428764, 0.03350213976089075, 0.03350213976089075, 0.03350213976089075, 0.03350213976089075, 0.03350213976089075, 0.03350213976089075, 0.03350213976089075, 0.03350213976089075, 0.03350213976089075, 0.03350213976089075, 0.03350213976089075, 0.03350213976089075, 0.03350213976089075, 0.03350213976089075, 0.03350213976089075, 0.03350213976089075, 0.03350213976089075, 0.03350213976089075, 0.03350213976089075, 0.03350213976089075]