timesteps=[0,1,2,3,4,5,6,7,8,9,10,11,12,13,14,15,16,17,18,19,20,21,22,23,24,25,26,27,28,29,30,31,32,33,34,35,36,37,38,39,40,41,42,43,44,45,46,47,48,49,50,51,52,53,54,55,56,57,58,59,60,61,62,63,64,65,66,67,68,69,70,71,72,73,74,75,76,77,78,79,80,81,82,83,84,85,86,87,88,89,90,91,92,93,94,95,96,97,98,99]
GIMMEAbilities=[0,0,0,0,0,0,0,0,0,0,0,0,0,0,0,0,0,0,0,0,0,0,0,0,0,0,0,0,0,0,0,0,0,0,0,0,0,0,0,0,0,0,0,0,0,0,0,0,0,0,0,0,0,0,0,0,0,0,0,0,0,0,0,0,0,0,0,0,0,0,0,0,0,0,0,0,0,0,0,0,0,0,0,0,0,0,0,0,0,0,0,0,0,0,0,0,0,0,0,0]
GIMMEEngagements=[0,0,0,0,0,0,0,0,0,0,0,0,0,0,0,0,0,0,0,0,0,0,0,0,0,0,0,0,0,0,0,0,0,0,0,0,0,0,0,0,0,0,0,0,0,0,0,0,0,0,0,0,0,0,0,0,0,0,0,0,0,0,0,0,0,0,0,0,0,0,0,0,0,0,0,0,0,0,0,0,0,0,0,0,0,0,0,0,0,0,0,0,0,0,0,0,0,0,0,0]

GIMMEPrefDiffs=[0.379295,0.382642,0.372329,0.35786,0.396153,0.367979,0.397205,0.385941,0.387689,0.405992,0.399169,0.402447,0.384476,0.399309,0.394695,0.400022,0.403232,0.399315,0.39208,0.405917,0.395251,0.39992,0.40423,0.389118,0.379676,0.3754,0.384621,0.404644,0.375423,0.382657,0.379182,0.382,0.382937,0.364535,0.367041,0.382725,0.383816,0.368784,0.376466,0.369407,0.350503,0.349322,0.366024,0.347383,0.355362,0.399285,0.36747,0.364988,0.386497,0.387513,0.372335,0.36249,0.371954,0.355867,0.378233,0.357366,0.348273,0.367621,0.359136,0.348355,0.388666,0.36691,0.370148,0.395546,0.371179,0.39288,0.379089,0.383967,0.379854,0.365639,0.371275,0.375527,0.398101,0.39034,0.359854,0.4059,0.37646,0.399931,0.411668,0.394345,0.408047,0.409094,0.390564,0.404295,0.395924,0.40099,0.413961,0.421547,0.406211,0.411755,0.429349,0.386248,0.380114,0.378161,0.374726,0.372219,0.354086,0.360713,0.368565,0.354505]
GIMMEgroupSizeFreqs=[0,0,521577,271955,133979,128213,0,0,0,0,0,0,0,0,0,0,0,0,0,0,0,0,0]
GIMMEconfigSizeFreqs=[0,0,0,0,0,18800,19027,18810,18971,18708,18772,18912,0,0,0,0,0,0,0,0,0,0,0]
GIMMEavgExecTime=0.001948

