timesteps=[0,1,2,3,4,5,6,7,8,9,10,11,12,13,14,15,16,17,18,19,20,21,22,23,24,25,26,27,28,29,30,31,32,33,34,35,36,37,38,39,40,41,42,43,44,45,46,47,48,49,50,51,52,53,54,55,56,57,58,59,60,61,62,63,64,65,66,67,68,69,70,71,72,73,74,75,76,77,78,79,80,81,82,83,84,85,86,87,88,89,90,91,92,93,94,95,96,97,98,99]
GIMMEAbilities=[0,0,0,0,0,0,0,0,0,0,0,0,0,0,0,0,0,0,0,0,0,0,0,0,0,0,0,0,0,0,0,0,0,0,0,0,0,0,0,0,0,0,0,0,0,0,0,0,0,0,0,0,0,0,0,0,0,0,0,0,0,0,0,0,0,0,0,0,0,0,0,0,0,0,0,0,0,0,0,0,0,0,0,0,0,0,0,0,0,0,0,0,0,0,0,0,0,0,0,0]
GIMMEEngagements=[0,0,0,0,0,0,0,0,0,0,0,0,0,0,0,0,0,0,0,0,0,0,0,0,0,0,0,0,0,0,0,0,0,0,0,0,0,0,0,0,0,0,0,0,0,0,0,0,0,0,0,0,0,0,0,0,0,0,0,0,0,0,0,0,0,0,0,0,0,0,0,0,0,0,0,0,0,0,0,0,0,0,0,0,0,0,0,0,0,0,0,0,0,0,0,0,0,0,0,0]

GIMMEPrefDiffs=[0.383057,0.387668,0.399205,0.386144,0.387874,0.391256,0.386898,0.389487,0.386606,0.413677,0.394254,0.39238,0.39731,0.409955,0.396186,0.383227,0.401456,0.375349,0.409554,0.38294,0.38524,0.378074,0.375655,0.360236,0.389681,0.376529,0.379107,0.38798,0.382358,0.396145,0.38417,0.375549,0.387385,0.372174,0.368417,0.39607,0.404836,0.388023,0.383587,0.380029,0.384385,0.372069,0.380606,0.368859,0.376628,0.379348,0.380125,0.385713,0.356353,0.391401,0.369465,0.35926,0.37772,0.378269,0.351321,0.34582,0.366033,0.369393,0.385594,0.372684,0.381368,0.380516,0.354462,0.374902,0.386744,0.388019,0.37752,0.38937,0.36259,0.376576,0.380528,0.361025,0.361131,0.358917,0.389366,0.35765,0.391568,0.374912,0.384361,0.403355,0.403286,0.394223,0.387181,0.390885,0.389646,0.391274,0.388047,0.383791,0.399296,0.369774,0.377243,0.39277,0.377909,0.380918,0.388525,0.37467,0.368974,0.366202,0.38087,0.388082]
GIMMEgroupSizeFreqs=[0,0,523653,272862,133552,127180,0,0,0,0,0,0,0,0,0,0,0,0,0,0,0,0,0]
GIMMEconfigSizeFreqs=[0,0,0,0,0,18730,18794,18737,18921,18871,18950,18997,0,0,0,0,0,0,0,0,0,0,0]
GIMMEavgExecTime=0.002418

