timesteps=[0,1,2,3,4,5,6,7,8,9,10,11,12,13,14,15,16,17,18,19,20,21,22,23,24,25,26,27,28,29,30,31,32,33,34,35,36,37,38,39,40,41,42,43,44,45,46,47,48,49]
GIMMEAbilities=[0.330984,0.155976,0.229721,0.289666,0.279932,0.325468,0.314007,0.31341,0.318139,0.314766,0.327357,0.330204,0.32083,0.347242,0.328207,0.320314,0.321463,0.30811,0.317637,0.322535,0.324068,0.341678,0.316994,0.324495,0.342124,0.333711,0.330784,0.337732,0.316057,0.322075,0.326885,0.339439,0.322325,0.338989,0.325137,0.32338,0.340341,0.329997,0.32651,0.323315,0.344153,0.337223,0.332213,0.337701,0.344484,0.31941,0.340067,0.334136,0.329029,0.342813]
GIMMEEngagements=[0.79916,0.364714,0.567446,0.672152,0.724236,0.751271,0.764996,0.77349,0.779236,0.784002,0.785034,0.786947,0.788487,0.789744,0.78857,0.791426,0.793266,0.792923,0.793959,0.794222,0.794247,0.794612,0.794525,0.795572,0.79621,0.796355,0.796994,0.796921,0.795636,0.796567,0.798547,0.798941,0.800136,0.802352,0.803806,0.804857,0.804038,0.805359,0.806399,0.805047,0.805459,0.805989,0.806527,0.806919,0.806711,0.806162,0.806387,0.807331,0.806996,0.807882]

GIMMEPrefDiffs=[0.400116,0.389186,0.367633,0.373005,0.374544,0.37125,0.373545,0.373656,0.373899,0.383956,0.379759,0.384491,0.38941,0.38367,0.387654,0.396937,0.392015,0.39382,0.392827,0.395673,0.397433,0.394903,0.399484,0.394287,0.391181,0.392645,0.394806,0.400218,0.398105,0.393243,0.407136,0.401657,0.399371,0.399618,0.403369,0.399501,0.404934,0.402518,0.40862,0.400401,0.400144,0.39755,0.40046,0.407233,0.40027,0.400281,0.398347,0.405983,0.40718,0.410414]
GIMMEavgExecTime=0.0091782

