abilities: [0.0, 0.005942451205361087, 0.007166469809770245, 0.007476737183867888, 0.007412954164058963, 0.007450192877104708, 0.007447695157714396, 0.007420300783861501, 0.007440896652418017, 0.007445326306635741, 0.0074030787790854554, 0.007458629872054401, 0.007443116333940041, 0.007453434109861078, 0.007407424842026046, 0.007463929854632162, 0.007480234104309044, 0.007446041996331645, 0.00743029361055023, 0.007343484739100121, 0.007417651246980216, 0.007430522361845228, 0.007421499240015414, 0.007403499128629684, 0.007400188636182236, 0.0074410391885235076, 0.007395584345436436, 0.007401097880535755, 0.007473890646077945, 0.007446546372427568, 0.007434330988167828, 0.007453216141488761, 0.007443138796856124, 0.007422368053465674, 0.007457854629557112, 0.007426442920993239, 0.007431602370778348, 0.007406697309965479, 0.0074190310121540065, 0.007424956851652749, 0.007502671870382357]
engagements: [0.0, 0.010509605831025686, 0.0126743611849404, 0.013223088922250525, 0.01311028456362163, 0.01317614361441406, 0.013171726237583933, 0.013123277531615275, 0.013159702645225181, 0.013167536772622642, 0.013092819312344926, 0.013191064980741749, 0.013163628294264727, 0.013181875942286665, 0.013100505603211089, 0.013200438339626598, 0.013229273450181673, 0.013168802515721141, 0.013140950486092642, 0.012987423433021724, 0.013118591655821807, 0.013141355047419399, 0.013125397078137079, 0.01309356272745571, 0.01308770790938032, 0.013159954729463417, 0.013079564926089833, 0.013089315966296419, 0.013218054637723556, 0.013169694537174164, 0.013148090847180282, 0.013181490451249785, 0.013163668021371542, 0.013126933630409432, 0.013189693914697058, 0.013134140294805743, 0.01314326511243949, 0.01309921891613169, 0.013121031858966056, 0.013131512085929227, 0.013268956077604241]
profDiffArray: [0.0, 0.023651515668250602, 0.0232739466362483, 0.02297111062494016, 0.023422271636714013, 0.023401364229167696, 0.023045976346910337, 0.02361569195623667, 0.023527372579168558, 0.023409969002579228, 0.024194390049225394, 0.023074729855687853, 0.02347020562250243, 0.023229856986925538, 0.023681332724433176, 0.023457961691022954, 0.023280546232545246, 0.023708069331799222, 0.02342496927795772, 0.024237137831013143, 0.023434620240366386, 0.02366982406155086, 0.023394290398520576, 0.023856915083119958, 0.023954319905421777, 0.023484719637899196, 0.024326472275624997, 0.023626472778367776, 0.022999712615059422, 0.023602895243254287, 0.023769404721982704, 0.023600673186493806, 0.02351551570564415, 0.02375404785329814, 0.02310159181133327, 0.023340126230100164, 0.023517199906537188, 0.023781863767555502, 0.023834728028367953, 0.023539205321859206, 0.023149404405428408]