abilities: [0.0, 0.004731971262088594, 0.005678365514506317, 0.005867644364989856, 0.00590550013508657, 0.005913071289105911, 0.0059145855199097775, 0.005914888366070556, 0.005914948935302712, 0.0059149610491491394, 0.005914963471918425, 0.005914963956472288, 0.005914964053383052, 0.005914964072765204, 0.005914964076641638, 0.0059149640774169175, 0.005914964077571983, 0.0059149640776029935, 0.005914964077609195, 0.005914964077610433, 0.005914964077610681, 0.0059121841154926, 0.005911628123068978, 0.0059115169245842585, 0.005911494684887315, 0.005911490236947929, 0.005911489347360049, 0.005911489169442476, 0.00591148913385896, 0.005911489126742256, 0.005911489125318915, 0.005911489125034247, 0.005911489124977309, 0.005911489124965925, 0.0059114891249636495, 0.005911489124963191, 0.005911489124963099, 0.005911489124963081, 0.005911489124963083, 0.005911489124963084, 0.005911489124963084]
engagements: [0.0, 0.008368794467075544, 0.010042553360490649, 0.010377305139173669, 0.01044425549491028, 0.010457645566057596, 0.01046032358028707, 0.010460859183132954, 0.010460966303702138, 0.010460987727815969, 0.010460992012638733, 0.010460992869603298, 0.01046099304099621, 0.010460993075274785, 0.010460993082130497, 0.010460993083501641, 0.010460993083775872, 0.010460993083830711, 0.010460993083841689, 0.010460993083843888, 0.010460993083844312, 0.010456076542660115, 0.010455093234423278, 0.010454896572775915, 0.010454857240446437, 0.010454849373980555, 0.010454847800687363, 0.01045484748602874, 0.010454847423096996, 0.010454847410510653, 0.010454847407993397, 0.010454847407489934, 0.010454847407389252, 0.010454847407369107, 0.010454847407365082, 0.010454847407364277, 0.010454847407364113, 0.010454847407364071, 0.010454847407364073, 0.010454847407364073, 0.010454847407364066]
profDiffArray: [0.0, 0.034078725613102254, 0.034078725613102254, 0.034078725613102254, 0.034078725613102254, 0.034078725613102254, 0.034078725613102254, 0.034078725613102254, 0.034078725613102254, 0.034078725613102254, 0.034078725613102254, 0.034078725613102254, 0.034078725613102254, 0.034078725613102254, 0.034078725613102254, 0.034078725613102254, 0.034078725613102254, 0.034078725613102254, 0.034078725613102254, 0.034078725613102254, 0.034078725613102254, 0.03386425808982237, 0.03386425808982237, 0.03386425808982237, 0.03386425808982237, 0.03386425808982237, 0.03386425808982237, 0.03386425808982237, 0.03386425808982237, 0.03386425808982237, 0.03386425808982237, 0.03386425808982237, 0.03386425808982237, 0.03386425808982237, 0.03386425808982237, 0.03386425808982237, 0.03386425808982237, 0.03386425808982237, 0.03386425808982237, 0.03386425808982237, 0.03386425808982237]