abilities: [0.0, 0.002896019908783993, 0.0034752238905407947, 0.003591064686892152, 0.003614232846162425, 0.0036188664780164802, 0.003619793204387291, 0.0036199785496614516, 0.0036200156187162886, 0.003620023032527251, 0.003620024515289447, 0.0036200248118418814, 0.003620024871152369, 0.0036200248830144713, 0.0036200248853868917, 0.003620024885861374, 0.0036200248859562687, 0.0036200248859752505, 0.0036200248859790426, 0.003620024885979804, 0.003620024885979955, 0.0035485324256649, 0.0035342339336018875, 0.003531374235189287, 0.003530802295506764, 0.00353068790757026, 0.003530665029982963, 0.0035306604544655023, 0.00353065953936201, 0.0035306593563413113, 0.0035306593197371706, 0.0035306593124163474, 0.003530659310952181, 0.003530659310659346, 0.0035306593106007806, 0.0035306593105890634, 0.0035306593105867232, 0.0035306593105862536, 0.0035306593105861625, 0.003530659310586139, 0.003530659310586139]
engagements: [0.0, 0.008659448654312842, 0.010391338385175397, 0.010737716331347907, 0.010806991920582416, 0.010820847038429308, 0.010823618061998703, 0.010824172266712565, 0.010824283107655357, 0.010824305275843913, 0.010824309709481617, 0.010824310596209148, 0.010824310773554655, 0.010824310809023756, 0.010824310816117589, 0.010824310817536351, 0.010824310817820109, 0.010824310817876848, 0.010824310817888202, 0.010824310817890474, 0.010824310817890932, 0.010610539742840323, 0.010567785527830208, 0.010559234684828176, 0.010557524516227771, 0.010557182482507699, 0.010557114075763674, 0.010557100394414869, 0.010557097658145121, 0.010557097110891162, 0.010557097001440368, 0.010557096979550208, 0.010557096975172178, 0.010557096974296565, 0.010557096974121449, 0.010557096974086418, 0.010557096974079427, 0.010557096974078016, 0.010557096974077746, 0.010557096974077685, 0.010557096974077678]
profDiffArray: [0.0, 0.03342978891035208, 0.03342978891035208, 0.03342978891035208, 0.03342978891035208, 0.03342978891035208, 0.03342978891035208, 0.03342978891035208, 0.03342978891035208, 0.03342978891035208, 0.03342978891035208, 0.03342978891035208, 0.03342978891035208, 0.03342978891035208, 0.03342978891035208, 0.03342978891035208, 0.03342978891035208, 0.03342978891035208, 0.03342978891035208, 0.03342978891035208, 0.03342978891035208, 0.03398004292296891, 0.03398004292296891, 0.03398004292296891, 0.03398004292296891, 0.03398004292296891, 0.03398004292296891, 0.03398004292296891, 0.03398004292296891, 0.03398004292296891, 0.03398004292296891, 0.03398004292296891, 0.03398004292296891, 0.03398004292296891, 0.03398004292296891, 0.03398004292296891, 0.03398004292296891, 0.03398004292296891, 0.03398004292296891, 0.03398004292296891, 0.03398004292296891]