abilities: [0.0, 0.003389374952364548, 0.004067249942837458, 0.004202824940932042, 0.004229939940550956, 0.004235362940474734, 0.004236447540459493, 0.004236664460456444, 0.0042367078444558335, 0.004236716521255714, 0.004236718256615686, 0.004236718603687686, 0.004236718673102082, 0.004236718686984962, 0.00423671868976154, 0.004236718690316856, 0.0042367186904279175, 0.004236718690450128, 0.004236718690454571, 0.004236718690455466, 0.004236718690455643, 0.004235801406856122, 0.004235617950136218, 0.004235581258792231, 0.0042355739205234355, 0.004235572452869676, 0.0042355721593389265, 0.004235572100632773, 0.004235572088891543, 0.004235572086543299, 0.0042355720860736525, 0.004235572085979727, 0.0042355720859609345, 0.004235572085957179, 0.004235572085956422, 0.0042355720859562785, 0.004235572085956247, 0.004235572085956237, 0.004235572085956238, 0.004235572085956238, 0.004235572085956241]
engagements: [0.0, 0.0082375251924025, 0.009885030230883003, 0.010214531238579098, 0.010280431440118316, 0.010293611480426162, 0.010296247488487734, 0.010296774690100038, 0.010296880130422506, 0.010296901218486993, 0.010296905436099887, 0.010296906279622476, 0.010296906448326999, 0.010296906482067898, 0.010296906488816074, 0.010296906490165712, 0.010296906490435645, 0.010296906490489633, 0.010296906490500411, 0.010296906490502591, 0.01029690649050301, 0.01029467712760696, 0.01029423125502775, 0.0102941420805119, 0.010294124245608735, 0.010294120678628092, 0.010294119965231968, 0.010294119822552746, 0.010294119794016898, 0.01029411978830974, 0.010294119787168298, 0.010294119786940018, 0.010294119786894353, 0.010294119786885218, 0.010294119786883405, 0.01029411978688303, 0.010294119786882956, 0.010294119786882949, 0.010294119786882942, 0.010294119786882945, 0.010294119786882943]
profDiffArray: [0.0, 0.03436512858290739, 0.03436512858290739, 0.03436512858290739, 0.03436512858290739, 0.03436512858290739, 0.03436512858290739, 0.03436512858290739, 0.03436512858290739, 0.03436512858290739, 0.03436512858290739, 0.03436512858290739, 0.03436512858290739, 0.03436512858290739, 0.03436512858290739, 0.03436512858290739, 0.03436512858290739, 0.03436512858290739, 0.03436512858290739, 0.03436512858290739, 0.03436512858290739, 0.03468900881685346, 0.03468900881685346, 0.03468900881685346, 0.03468900881685346, 0.03468900881685346, 0.03468900881685346, 0.03468900881685346, 0.03468900881685346, 0.03468900881685346, 0.03468900881685346, 0.03468900881685346, 0.03468900881685346, 0.03468900881685346, 0.03468900881685346, 0.03468900881685346, 0.03468900881685346, 0.03468900881685346, 0.03468900881685346, 0.03468900881685346, 0.03468900881685346]