abilities: [0.0, 0.004328817383910495, 0.005237001940843342, 0.005377038624400373, 0.005392331328354227, 0.005435049520110516, 0.005349328261756671, 0.005419016160660493, 0.005422325442766437, 0.0053654949265457665, 0.005382892202880874, 0.0054115925784776215, 0.005406950216823829, 0.005446247905837288, 0.005416168135137635, 0.005381461845415163, 0.005404854163436815, 0.005362024890524367, 0.005393881300517396, 0.0054270352077872355, 0.005470560329413312, 0.005421360262496846, 0.00544266863489588, 0.0054594255956985065, 0.005464478232046501, 0.005431396009936614, 0.005432982952324149, 0.005420855188389651, 0.00549396905308371, 0.005428334964830157, 0.005465020951232775, 0.0054359863944493094, 0.005418913154598687, 0.0054362213112539295, 0.0054661259136932604, 0.005457234306235164, 0.005440053907463696, 0.0053709303470330745, 0.005461885101131318, 0.005411142513590316, 0.0053953213296526244]
engagements: [0.0, 0.01052074283737647, 0.012727991451716457, 0.01306833612436965, 0.013105503459306155, 0.013209325605192038, 0.01300098895458875, 0.01317035818369257, 0.013178401051507325, 0.013040280360924429, 0.013082562641316459, 0.01315231593516335, 0.013141033155414037, 0.013236542123232931, 0.01316343635228623, 0.013079086305465866, 0.013135938914492697, 0.013031846797348087, 0.013109270506304794, 0.013189847648167316, 0.01329563095362517, 0.013176055280709555, 0.013227843075483841, 0.013268569135214535, 0.013280849045165367, 0.013200446126668354, 0.01320430302597276, 0.013174827750341709, 0.013352523434884057, 0.013193006573200822, 0.013282168068003532, 0.013211602581353227, 0.01317010783811529, 0.013212173522344831, 0.01328485356495588, 0.013263243432861787, 0.013221488250952295, 0.013053490588127024, 0.013274546708734247, 0.013151222099013782, 0.013112770348147599]
profDiffArray: [0.0, 0.023860438559558012, 0.022805592386455246, 0.023545497277151058, 0.023649545419169055, 0.023024133838930178, 0.024574042205633594, 0.02313128518442786, 0.023402271105602633, 0.02402400334422974, 0.023908754513912615, 0.023296811822744925, 0.02354164937037078, 0.02326736509571216, 0.02362707226831236, 0.024150843895805837, 0.023308525050948964, 0.02421035050381012, 0.023459171950326294, 0.02327209573732229, 0.022657639056066367, 0.023555965211182472, 0.02327206977878126, 0.022795375760647423, 0.023278521097211378, 0.023628495010557565, 0.02353830383342097, 0.02348511096127321, 0.022696480020066058, 0.023725016880860365, 0.02310757873548426, 0.02329680987681118, 0.02352320732944034, 0.023397080340762558, 0.02325473739982443, 0.023167319552116046, 0.023337346620335157, 0.023934333834927983, 0.022835160892409938, 0.023983849139921812, 0.0238808118576084]