abilities: [0.0, 0.004315622799822985, 0.005178747359787582, 0.0053513722717805036, 0.00538589725417909, 0.0053928022506588005, 0.005394183249954752, 0.005394459449813938, 0.005394514689785773, 0.005394525737780142, 0.005394527947379012, 0.005394528389298786, 0.005394528477682746, 0.005394528495359535, 0.00539452849889489, 0.005394528499601963, 0.005394528499743379, 0.005394528499771656, 0.005394528499777314, 0.005394528499778448, 0.0053945284997786785, 0.005439882965319317, 0.005448953858427447, 0.005450768037049072, 0.005451130872773402, 0.005451203439918263, 0.005451217953347236, 0.0054512208560330315, 0.005451221436570183, 0.005451221552677625, 0.005451221575899108, 0.005451221580543403, 0.005451221581472261, 0.005451221581658037, 0.005451221581695187, 0.005451221581702623, 0.005451221581704111, 0.0054512215817044095, 0.005451221581704469, 0.005451221581704477, 0.005451221581704476]
engagements: [0.0, 0.008334955369566731, 0.010001946443480068, 0.010335344658262746, 0.010402024301219283, 0.010415360229810584, 0.010418027415528856, 0.010418560852672492, 0.010418667540101229, 0.010418688877586978, 0.01041869314508413, 0.010418693998583552, 0.01041869416928345, 0.010418694203423413, 0.010418694210251411, 0.010418694211617013, 0.010418694211890135, 0.010418694211944754, 0.010418694211955678, 0.010418694211957878, 0.010418694211958296, 0.010506289320156206, 0.01052380834179579, 0.010527312146123714, 0.010528012906989275, 0.0105281530591624, 0.010528181089597018, 0.010528186695683948, 0.010528187816901331, 0.010528188041144804, 0.010528188085993508, 0.010528188094963248, 0.01052818809675719, 0.010528188097115976, 0.010528188097187741, 0.01052818809720209, 0.010528188097204955, 0.010528188097205534, 0.010528188097205647, 0.010528188097205673, 0.010528188097205673]
profDiffArray: [0.0, 0.034274618809256835, 0.034274618809256835, 0.034274618809256835, 0.034274618809256835, 0.034274618809256835, 0.034274618809256835, 0.034274618809256835, 0.034274618809256835, 0.034274618809256835, 0.034274618809256835, 0.034274618809256835, 0.034274618809256835, 0.034274618809256835, 0.034274618809256835, 0.034274618809256835, 0.034274618809256835, 0.034274618809256835, 0.034274618809256835, 0.034274618809256835, 0.034274618809256835, 0.033927443388137433, 0.033927443388137433, 0.033927443388137433, 0.033927443388137433, 0.033927443388137433, 0.033927443388137433, 0.033927443388137433, 0.033927443388137433, 0.033927443388137433, 0.033927443388137433, 0.033927443388137433, 0.033927443388137433, 0.033927443388137433, 0.033927443388137433, 0.033927443388137433, 0.033927443388137433, 0.033927443388137433, 0.033927443388137433, 0.033927443388137433, 0.033927443388137433]