abilities: [0.0, 0.0038731152952874823, 0.004647738354344981, 0.004802662966156485, 0.004833647888518779, 0.0048398448729912395, 0.004841084269885729, 0.0048413321492646365, 0.004841381725140415, 0.004841391640315567, 0.0048413936233505945, 0.0048413940199575995, 0.004841394099279007, 0.004841394115143284, 0.004841394118316146, 0.004841394118950711, 0.004841394119077626, 0.004841394119103012, 0.004841394119108089, 0.004841394119109099, 0.004841394119109302, 0.004821262528105222, 0.0048172362099044, 0.00481643094626424, 0.00481626989353621, 0.0048162376829906, 0.004816231240881479, 0.0048162299524596615, 0.004816229694775297, 0.004816229643238418, 0.0048162296329310435, 0.004816229630869564, 0.004816229630457278, 0.004816229630374814, 0.004816229630358325, 0.004816229630355029, 0.004816229630354364, 0.004816229630354234, 0.004816229630354212, 0.004816229630354204, 0.0048162296303542]
engagements: [0.0, 0.008444858769751004, 0.010133830523701207, 0.010471624874491233, 0.010539183744649265, 0.010552695518680875, 0.010555397873487173, 0.010555938344448443, 0.010556046438640701, 0.010556068057479145, 0.010556072381246845, 0.01055607324600036, 0.010556073418951092, 0.010556073453541225, 0.010556073460459267, 0.010556073461842853, 0.010556073462119574, 0.010556073462174917, 0.010556073462186002, 0.010556073462188207, 0.01055607346218866, 0.010512178966445974, 0.01050340006729744, 0.010501644287467731, 0.010501293131501784, 0.010501222900308606, 0.010501208854069967, 0.010501206044822239, 0.010501205482972691, 0.01050120537060279, 0.010501205348128812, 0.010501205343634008, 0.01050120534273504, 0.010501205342555255, 0.010501205342519294, 0.010501205342512103, 0.01050120534251066, 0.01050120534251038, 0.010501205342510315, 0.010501205342510315, 0.01050120534251031]
profDiffArray: [0.0, 0.0340613225870619, 0.0340613225870619, 0.0340613225870619, 0.0340613225870619, 0.0340613225870619, 0.0340613225870619, 0.0340613225870619, 0.0340613225870619, 0.0340613225870619, 0.0340613225870619, 0.0340613225870619, 0.0340613225870619, 0.0340613225870619, 0.0340613225870619, 0.0340613225870619, 0.0340613225870619, 0.0340613225870619, 0.0340613225870619, 0.0340613225870619, 0.0340613225870619, 0.03401042918462507, 0.03401042918462507, 0.03401042918462507, 0.03401042918462507, 0.03401042918462507, 0.03401042918462507, 0.03401042918462507, 0.03401042918462507, 0.03401042918462507, 0.03401042918462507, 0.03401042918462507, 0.03401042918462507, 0.03401042918462507, 0.03401042918462507, 0.03401042918462507, 0.03401042918462507, 0.03401042918462507, 0.03401042918462507, 0.03401042918462507, 0.03401042918462507]