abilities: [0.0, 0.005485231842493267, 0.006644335194096164, 0.006812498742738072, 0.006934592524017366, 0.006870744245925867, 0.006941276375232414, 0.006933831768635636, 0.006851207015421842, 0.006864532249492619, 0.006878251650098265, 0.0069073819324147225, 0.006901568682675801, 0.006943049353074545, 0.00686605117153015, 0.006883918225748909, 0.006963373134377658, 0.007015372273979155, 0.006990488164702841, 0.006929183816083046, 0.006877406091274421, 0.006844904066392123, 0.006906873722556528, 0.006879072407193382, 0.006945021449839709, 0.006982127316592326, 0.006981839109814877, 0.006961366963264611, 0.006977371201611704, 0.006945819571106016, 0.006907620848698451, 0.0069381345617922025, 0.006925857480856867, 0.006916609589318654, 0.006935155389816933, 0.0069827248846822225, 0.0069665831933919805, 0.0069434304769467915, 0.00692988139189102, 0.006976691058975716, 0.006929891850353871]
engagements: [0.0, 0.010391573882956816, 0.012587453375753151, 0.012906033153292383, 0.01313733541821845, 0.013016377158269003, 0.01314999773327064, 0.013135894194586866, 0.012979364579752581, 0.013004608755081961, 0.013030599664694734, 0.013085785933865321, 0.013074772941908615, 0.013153356575844351, 0.01300748629809721, 0.013041334787881493, 0.01319185924648013, 0.013290369740937837, 0.013243227693439859, 0.01312708881611945, 0.013028997784000788, 0.012967423870152053, 0.013084823148619232, 0.0130321545594082, 0.0131570926420359, 0.013227388368255502, 0.013226842370910758, 0.013188058627665504, 0.013218378079969393, 0.013158604653988087, 0.013086238552147548, 0.013144045681027818, 0.013120787194008509, 0.0131032673970445, 0.01313840174717414, 0.013228520439448572, 0.013197940587501593, 0.01315407860127386, 0.01312841034832732, 0.013217089574277086, 0.013128430161507977]
profDiffArray: [0.0, 0.024102368142296975, 0.023784134287014952, 0.024123240728590047, 0.02356836304388027, 0.024061309528357666, 0.02348082135628398, 0.023622239130164882, 0.024569575759430386, 0.024209738016176208, 0.02412496751606675, 0.02388144955854987, 0.0240525420826455, 0.023564856363690868, 0.024155699311930866, 0.023822116631070506, 0.02329755389011069, 0.02303280688360881, 0.0234117075105777, 0.023989470706096142, 0.024062632155712766, 0.024387945548539406, 0.023507456171917688, 0.024318434171487588, 0.02364722343265499, 0.02291104984034212, 0.023258969438205598, 0.02357111117817147, 0.023252413248945145, 0.024154181543974418, 0.0240408574113062, 0.023899116729938386, 0.023931806596894322, 0.023885366576265415, 0.023798300219986815, 0.02342511459313173, 0.02353482749880562, 0.023415949232814447, 0.023608279403727388, 0.023511167866410148, 0.02387586457946582]