abilities: [0.0, 0.004512347540549581, 0.005414817048659497, 0.005595310950281477, 0.005631409730605877, 0.0056386294866707575, 0.005640073437883735, 0.0056403622281263315, 0.005640419986174843, 0.005640431537784549, 0.0056404338481064915, 0.005640434310170874, 0.005640434402583754, 0.005640434421066336, 0.005640434424762844, 0.005640434425502152, 0.005640434425650013, 0.0056404344256795825, 0.005640434425685495, 0.005640434425686685, 0.0056404344256869195, 0.005588266363976559, 0.005577832751634488, 0.005575746029166068, 0.005575328684672386, 0.0055752452157736485, 0.0055752285219939, 0.005575225183237951, 0.005575224515486762, 0.0055752243819365225, 0.005575224355226488, 0.005575224349884464, 0.005575224348816067, 0.005575224348602385, 0.00557522434855965, 0.005575224348551101, 0.005575224348549388, 0.005575224348549048, 0.005575224348548988, 0.005575224348548974, 0.005575224348548971]
engagements: [0.0, 0.008548479663146888, 0.010258175595776268, 0.010600114782302139, 0.010668502619607317, 0.01068218018706835, 0.010684915700560557, 0.010685462803259002, 0.010685572223798696, 0.01068559410790663, 0.010685598484728222, 0.01068559936009253, 0.010685599535165393, 0.010685599570179973, 0.010685599577182887, 0.010685599578583465, 0.010685599578863595, 0.010685599578919605, 0.010685599578930801, 0.010685599578933056, 0.0106855995789335, 0.010586769067633272, 0.010567002965373239, 0.010563049744921234, 0.010562259100830824, 0.010562100972012746, 0.010562069346249127, 0.010562063021096395, 0.010562061756065857, 0.010562061503059748, 0.01056206145245853, 0.010562061442338283, 0.01056206144031424, 0.01056206143990943, 0.010562061439828472, 0.01056206143981227, 0.01056206143980903, 0.010562061439808387, 0.010562061439808252, 0.01056206143980823, 0.010562061439808219]
profDiffArray: [0.0, 0.03333489888171485, 0.03333489888171485, 0.03333489888171485, 0.03333489888171485, 0.03333489888171485, 0.03333489888171485, 0.03333489888171485, 0.03333489888171485, 0.03333489888171485, 0.03333489888171485, 0.03333489888171485, 0.03333489888171485, 0.03333489888171485, 0.03333489888171485, 0.03333489888171485, 0.03333489888171485, 0.03333489888171485, 0.03333489888171485, 0.03333489888171485, 0.03333489888171485, 0.03356877751256709, 0.03356877751256709, 0.03356877751256709, 0.03356877751256709, 0.03356877751256709, 0.03356877751256709, 0.03356877751256709, 0.03356877751256709, 0.03356877751256709, 0.03356877751256709, 0.03356877751256709, 0.03356877751256709, 0.03356877751256709, 0.03356877751256709, 0.03356877751256709, 0.03356877751256709, 0.03356877751256709, 0.03356877751256709, 0.03356877751256709, 0.03356877751256709]