abilities: [0.007355771952687642, 0.01182380382760091, 0.013647269759197686, 0.014761865361118329, 0.015211958317181034, 0.014785214793706408, 0.014949699909536207, 0.015270003812159177, 0.01574102911924297, 0.015174675908415012, 0.015883036140752992, 0.01611223961227875, 0.015162526125260695, 0.015633914045537014, 0.015491659055175296, 0.015967014553920255, 0.015702532344877517, 0.015637115102697385, 0.01454648082438868, 0.014492041077899144, 0.015067520035608387, 0.015521178326334395, 0.016138397279534058, 0.015496718495792292, 0.016314048787771394, 0.015473253608788436, 0.015667436140614124, 0.014715445528795543, 0.015461689324247355, 0.015375002462709907, 0.015359458477219787, 0.016176546529284307, 0.015590128504900042, 0.01526027512606976, 0.014980530259575738, 0.015576470581993967, 0.015658793396168685, 0.014326737992844132, 0.015053254853119952, 0.014908580789776187, 0.015221582633032268, 0.01568932042828691, 0.016023371121739696, 0.015268696787700178, 0.01520540207806638, 0.01449427606479428, 0.015509099796169342, 0.01527699273240506, 0.014780154714061288, 0.01537509910397893]
engagements: [0.018171894534478185, 0.02798529856717157, 0.031524348914574764, 0.03408815364945093, 0.03507040170007402, 0.036177787328272794, 0.03674788571092726, 0.03689383848352599, 0.037161160169677916, 0.03764862734788407, 0.038877750695925264, 0.038595143760942946, 0.037864191382362446, 0.03788760056782497, 0.037099278256810544, 0.03792853822841761, 0.03803049148850552, 0.037459400271542584, 0.036205375436815276, 0.03632211891540929, 0.03743514250996739, 0.037529324057339004, 0.03813250497461829, 0.038302924619974754, 0.03869379494405181, 0.03819076635992713, 0.03797077868090124, 0.03745179755893704, 0.03734299467492554, 0.03695887507579228, 0.03750524690177269, 0.03809736735034125, 0.036882560968379496, 0.03714375331868388, 0.03752014978366503, 0.03797926399802517, 0.037302987543922944, 0.03670049472995929, 0.03802752172632716, 0.03757709723160539, 0.0374912788056638, 0.03783306430055074, 0.0382203731183043, 0.038115008528598095, 0.037699157997573784, 0.03671714962718982, 0.03758762860360187, 0.03711661117572732, 0.03711121677830895, 0.03810766552716395]
profDiffArray: [0.05710517936025388, 0.05968197802689766, 0.06306258314965824, 0.06264757838369038, 0.06110522775954972, 0.05935377255606252, 0.060187592816782425, 0.056309899485446874, 0.05827026840616407, 0.05699535119520085, 0.05281673558745889, 0.05747397383767726, 0.05824570997463716, 0.061399519994895416, 0.05816459722405135, 0.053820248886997074, 0.05667830215534438, 0.0591103289198662, 0.061877312692628784, 0.05976198468711864, 0.05268482229569275, 0.0572356287677682, 0.05600214605011193, 0.0569853776884932, 0.05482810301736819, 0.05721016775856968, 0.05853693889263766, 0.06153240943456102, 0.056184117237599494, 0.06119965520765269, 0.05869052032511452, 0.05759639642031573, 0.06010843019115, 0.056872735464341614, 0.0594083741759692, 0.052333434197383684, 0.0596453943371911, 0.0587947968297383, 0.05336582959298395, 0.05932005760890415, 0.057611620726000845, 0.058912283270095435, 0.05522762034841157, 0.05800591677532036, 0.05964966028391492, 0.06371614864182837, 0.05704112433180457, 0.05921925460478411, 0.06154606967577822, 0.05806344696752558]