abilities: [0.06694323088298085, 0.0679773547484847, 0.0664613447942821, 0.0703480365188172, 0.06721436591576731, 0.06417301708495596, 0.0653360034538174, 0.06541801401353813, 0.0674680699842068, 0.06893600343093166, 0.06830978312059462, 0.06382389428804212, 0.06613725455091092, 0.06629084258822728, 0.06443149879754712, 0.06971014336012746, 0.06643942596046555, 0.06734826889428584, 0.06817779337241418, 0.06845321384128099, 0.06463343649731375, 0.06292478646297839, 0.06804141013375099, 0.067621483776584, 0.06809777500416105, 0.06982384419104234, 0.06736980271173318, 0.06256480612410516, 0.06871975580392016, 0.06895784744710179, 0.06694323094532659, 0.06696502754369368, 0.06429787833582985, 0.06589610802782472, 0.07119133866900518, 0.06327453272861039, 0.06807345224427587, 0.06938430513256362, 0.06647767835775074, 0.06588639351361593, 0.06825845296159216, 0.06877491778395003, 0.06632436644653227, 0.06894529674143397, 0.06530423122429717, 0.06861779306846362, 0.0646136148793499, 0.06877522326424375, 0.06649381857913257, 0.06572582001456029]
engagements: [0.16527399990805702, 0.16527399998501868, 0.16527400002349957, 0.16527400004273998, 0.16527400005236023, 0.16527400005717027, 0.16527400005957538, 0.16527400006077786, 0.16527400006137916, 0.16527400006167978, 0.16527400006183007, 0.16527400006190532, 0.1652740000619429, 0.16527400006196163, 0.16527400006197102, 0.16527400006197568, 0.1652740000619781, 0.16527400006197923, 0.16527400006197981, 0.1652740000619801, 0.1652740000619803, 0.16527400006198034, 0.16527400006198037, 0.16527400006198037, 0.16527400006198037, 0.16527400006198037, 0.16527400006198037, 0.16527400006198037, 0.16527400006198037, 0.16527400006198037, 0.16527400006198037, 0.16527400006198037, 0.16527400006198037, 0.16527400006198037, 0.16527400006198037, 0.16527400006198037, 0.16527400006198037, 0.16527400006198037, 0.16527400006198037, 0.16527400006198037, 0.16527400006198037, 0.16527400006198037, 0.16527400006198037, 0.16527400006198037, 0.16527400006198037, 0.16527400006198037, 0.16527400006198037, 0.16527400006198037, 0.16527400006198037, 0.16527400006198037]
profDiffArray: [0.5106881686065958, 0.5106881686065958, 0.5106881686065958, 0.5106881686065958, 0.5106881686065958, 0.5106881686065958, 0.5106881686065958, 0.5106881686065958, 0.5106881686065958, 0.5106881686065958, 0.5106881686065958, 0.5106881686065958, 0.5106881686065958, 0.5106881686065958, 0.5106881686065958, 0.5106881686065958, 0.5106881686065958, 0.5106881686065958, 0.5106881686065958, 0.5106881686065958, 0.5106881686065958, 0.5106881686065958, 0.5106881686065958, 0.5106881686065958, 0.5106881686065958, 0.5106881686065958, 0.5106881686065958, 0.5106881686065958, 0.5106881686065958, 0.5106881686065958, 0.5106881686065958, 0.5106881686065958, 0.5106881686065958, 0.5106881686065958, 0.5106881686065958, 0.5106881686065958, 0.5106881686065958, 0.5106881686065958, 0.5106881686065958, 0.5106881686065958, 0.5106881686065958, 0.5106881686065958, 0.5106881686065958, 0.5106881686065958, 0.5106881686065958, 0.5106881686065958, 0.5106881686065958, 0.5106881686065958, 0.5106881686065958, 0.5106881686065958]