abilities: [0.006964779555376821, 0.010606337529775169, 0.011565974066645392, 0.012449216290539886, 0.012251013496558922, 0.013027139858278174, 0.013457384586773657, 0.014552279996510663, 0.014470581834535926, 0.014338870952988223, 0.01309754859953849, 0.012732213935783459, 0.012038869382704357, 0.01278592018780069, 0.01327288623003013, 0.013074736815022572, 0.01371318284458544, 0.013564738594018357, 0.01277330729569871, 0.012331312620480102, 0.012499636267181294, 0.013200174266449236, 0.013744823893630093, 0.012873462756429402, 0.013734693049525052, 0.012393231541827619, 0.013425091793112371, 0.01245993784364532, 0.013623844071178648, 0.013631878913746405, 0.013548288947318913, 0.014230619083113301, 0.014228777361772329, 0.013687831044282549, 0.014003574401284297, 0.013663117096123889, 0.01367814302193044, 0.012481978553361556, 0.012655153991862362, 0.01330986587021053, 0.013472103681326324, 0.014035097539993359, 0.014831506652597588, 0.013658489593008671, 0.013457147225126467, 0.013129962375366913, 0.013322996692732824, 0.013860426004014418, 0.012617101691938446, 0.012246973213220335]
engagements: [0.016452457514150382, 0.024987890610900954, 0.027130524865618906, 0.029223461796317813, 0.02887635684622951, 0.032181021955528744, 0.03344995422831804, 0.03479440019264983, 0.03441473043522909, 0.03528445150511023, 0.03249957877323176, 0.030684912519395702, 0.030525406526792608, 0.03115636477453066, 0.032179201479205284, 0.03165522982494266, 0.033044647391142504, 0.03238711886181465, 0.031982368982914525, 0.031212694847181536, 0.030555372878266027, 0.031704474546248494, 0.03222847184737146, 0.03202247437826056, 0.032567425599251215, 0.03009735448798299, 0.0328259502723513, 0.032592125340225375, 0.033254933392843876, 0.032758801106356386, 0.03330881541449868, 0.03418780394813216, 0.03353111702152554, 0.03301796052955857, 0.03539412786593649, 0.03356281402216897, 0.03251350791407069, 0.0318279599115125, 0.0312504851902806, 0.03381380362501955, 0.03429219176570565, 0.034916414494699115, 0.03570628388914284, 0.03417018159190742, 0.03352194341422146, 0.0338636160630339, 0.03234509309729888, 0.0343976907024771, 0.03237731988969593, 0.030739400536549954]
profDiffArray: [0.06854400935949499, 0.06703155370853804, 0.07694474357242292, 0.0698611440094279, 0.07885911774488914, 0.061888158171761166, 0.0655288860435732, 0.061385685238669975, 0.06791209110914696, 0.06403461655733242, 0.0747781063626691, 0.07894810184955399, 0.0747363434468196, 0.07209272168113234, 0.06894528520601283, 0.07117632888535481, 0.07033607632050859, 0.06825322202710592, 0.07424545517229934, 0.0760182780508543, 0.07746201512277288, 0.0667394043500167, 0.07394641331708202, 0.07233394774601255, 0.07284595910884693, 0.07867807098320238, 0.06267047787921522, 0.0751379305808827, 0.06802442318261014, 0.07025353668124681, 0.06687038756800182, 0.066830918545211, 0.0722388054445309, 0.07361309972664742, 0.05633548243695416, 0.07063537298621549, 0.07223714869661667, 0.07532253132860273, 0.07563393070071796, 0.06673972254652963, 0.061523577405774715, 0.0657822421468538, 0.06272557879536853, 0.072792989799516, 0.0735227291818149, 0.06732285590814266, 0.07656246728684331, 0.060787592563480465, 0.07516736715221416, 0.07505332842338747]