abilities: [0.007994796441728519, 0.01355039572368529, 0.015551551636332938, 0.017083115005211643, 0.01668735833053272, 0.01857672721802125, 0.018652205116977738, 0.01924296655493553, 0.019486801656944552, 0.01883952459231033, 0.0185132730021296, 0.018724387907216956, 0.01952837278521495, 0.018357455159291144, 0.018049192554562454, 0.01932111810196782, 0.018521719519760418, 0.018894363563106503, 0.018773456433369407, 0.017782864806443092, 0.018516784410422597, 0.01946778088794235, 0.018380507216382735, 0.01823892190191999, 0.018946888296895077, 0.01686972703116551, 0.01926779418880298, 0.01868142142733072, 0.019730011540038114, 0.018532775924612877, 0.019103542927972197, 0.01803119303580622, 0.019433239063086482, 0.018972993420560098, 0.01944003526374351, 0.018801692490536325, 0.01867584798622002, 0.01905561221649293, 0.01931587780541947, 0.01822358105459776, 0.018386568253046326, 0.019332946597074713, 0.01822628021561286, 0.018458079674233956, 0.01882890077781016, 0.019198782311993928, 0.018328873090590347, 0.018637210306233824, 0.019294746119080365, 0.01800972167010662]
engagements: [0.020252658331962305, 0.03303000444982784, 0.037724278065036754, 0.04074658591066724, 0.042345973516356834, 0.045525865584121326, 0.046423297348279456, 0.04771425103859455, 0.04544908856718884, 0.045010874275664275, 0.044838905826471744, 0.04621038215407222, 0.04662783785374794, 0.045030407421460625, 0.04547754594549103, 0.045540290889241816, 0.04679806715465954, 0.046677319694626275, 0.047602813001293924, 0.04647563987655914, 0.04614580986257947, 0.04628502283810543, 0.04471942500098224, 0.04366770524590475, 0.04409513735927856, 0.04410295620647932, 0.0460722121284251, 0.04467726234488201, 0.04661764738722429, 0.04573823726748424, 0.044354787196481865, 0.044566387189125416, 0.04635814136126139, 0.04633535380507936, 0.047574805144646445, 0.045669471140811234, 0.04536434499809155, 0.04593929859405259, 0.04630190761694654, 0.046228232950714744, 0.045809337140530176, 0.04544715962404922, 0.04572521158733365, 0.04530039609676377, 0.04529138882285949, 0.0456900542767374, 0.047319398301816626, 0.0457763584827749, 0.04400551940804675, 0.04419212197444111]
profDiffArray: [0.09204862740544431, 0.07901438773100469, 0.08488874179603247, 0.07990392862112113, 0.08180589817254584, 0.06655840049576242, 0.07038358406809367, 0.06512047308806616, 0.07973006333691413, 0.079116037094943, 0.0781779837557192, 0.07592825395808074, 0.07497645272215119, 0.0813408856537166, 0.07456766901724417, 0.07169972979096915, 0.07029213560504831, 0.07500974018264821, 0.06977433592673472, 0.07699243539416929, 0.07889648343146165, 0.0744443874669089, 0.08146793245333815, 0.0802837665916942, 0.07675311624064958, 0.07557216312644754, 0.06712848561269921, 0.0802103106902597, 0.0681393043366036, 0.07620493561255362, 0.0796821428568693, 0.07535010361341274, 0.0707318309065626, 0.07061749430600253, 0.06936099490503114, 0.07723584967970966, 0.07726540958435173, 0.07660206392207941, 0.07538483968502911, 0.07647798550290773, 0.07601696007194074, 0.07443555243119261, 0.07895691356709289, 0.07648014043791358, 0.08094596223220957, 0.07662726859625868, 0.06869078767590614, 0.07844934896599293, 0.08352321903974623, 0.07836666424928691]