abilities: [0.0, 0.00502836338481171, 0.006034036061774049, 0.006235170597166523, 0.006275397504245014, 0.006283442885660713, 0.0062850519619438465, 0.006285373777200475, 0.0062854381402518015, 0.006285451012862066, 0.006285453587384122, 0.006285454102288534, 0.006285454205269408, 0.006285454225865589, 0.0062854542299848265, 0.006285454230808664, 0.006285454230973439, 0.006285454231006392, 0.006285454231012989, 0.006285454231014313, 0.006285454231014568, 0.006359546201517254, 0.006374364595617791, 0.006377328274437905, 0.006377921010201926, 0.006378039557354734, 0.006378063266785285, 0.006378068008671397, 0.006378068957048619, 0.006378069146724063, 0.006378069184659158, 0.0063780691922461705, 0.006378069193763576, 0.006378069194067057, 0.006378069194127753, 0.0063780691941398935, 0.006378069194142322, 0.006378069194142808, 0.006378069194142904, 0.006378069194142918, 0.006378069194142919]
engagements: [0.0, 0.008321562207537709, 0.009985874649045256, 0.010318737137346752, 0.010385309635007061, 0.010398624134539118, 0.01040128703444554, 0.010401819614426825, 0.01040192613042307, 0.01040194743362232, 0.010401951694262172, 0.010401952546390139, 0.010401952716815733, 0.01040195275090086, 0.010401952757717887, 0.010401952759081288, 0.010401952759353973, 0.010401952759408506, 0.010401952759419414, 0.010401952759421585, 0.010401952759422024, 0.010524569383248281, 0.010549092708013528, 0.010553997372966582, 0.010554978305957195, 0.010555174492555313, 0.010555213729874932, 0.010555221577338859, 0.010555223146831636, 0.010555223460730208, 0.010555223523509915, 0.010555223536065859, 0.01055522353857706, 0.010555223539079284, 0.010555223539179731, 0.010555223539199823, 0.010555223539203844, 0.010555223539204642, 0.010555223539204807, 0.010555223539204834, 0.01055522353920484]
profDiffArray: [0.0, 0.034105450430889285, 0.034105450430889285, 0.034105450430889285, 0.034105450430889285, 0.034105450430889285, 0.034105450430889285, 0.034105450430889285, 0.034105450430889285, 0.034105450430889285, 0.034105450430889285, 0.034105450430889285, 0.034105450430889285, 0.034105450430889285, 0.034105450430889285, 0.034105450430889285, 0.034105450430889285, 0.034105450430889285, 0.034105450430889285, 0.034105450430889285, 0.034105450430889285, 0.03354377566229748, 0.03354377566229748, 0.03354377566229748, 0.03354377566229748, 0.03354377566229748, 0.03354377566229748, 0.03354377566229748, 0.03354377566229748, 0.03354377566229748, 0.03354377566229748, 0.03354377566229748, 0.03354377566229748, 0.03354377566229748, 0.03354377566229748, 0.03354377566229748, 0.03354377566229748, 0.03354377566229748, 0.03354377566229748, 0.03354377566229748, 0.03354377566229748]