abilities: [0.0, 0.002284495589513538, 0.0027367327103687317, 0.0028455013645898018, 0.002846878274294562, 0.0028352708121100116, 0.0028380884265256498, 0.002830563884049695, 0.0028328287494005307, 0.0028261749390898613, 0.0028430653915549964, 0.002853742423191168, 0.0028433372341348144, 0.0028675394055290796, 0.0028552170773625883, 0.0028726861733649883, 0.0028152732063648415, 0.0028569923731355633, 0.002841673462809943, 0.0028596752809488153, 0.0028781855723065534, 0.0028685563382928364, 0.002879430501635431, 0.0028798484939927082, 0.002862624076866341, 0.002850103331817825, 0.0028835435034105946, 0.0028498162834231454, 0.002877760669015951, 0.0028535536311295987, 0.0028735426198370573, 0.0028797254433432762, 0.0028829404827948445, 0.0028524764512098395, 0.0028689861425006185, 0.002869183344047731, 0.002876769114303151, 0.0028889448885856713, 0.0028431638724764263, 0.002868812922889413, 0.0028481843278582485]
engagements: [0.0, 0.01051209725120537, 0.012593064540814903, 0.013093563064998145, 0.01309989890945719, 0.013046487218979963, 0.013059452460361722, 0.013024828308474042, 0.01303525007726106, 0.013004632595923868, 0.013082353944892698, 0.013131484262950148, 0.013083604827428518, 0.013194971021591763, 0.01313826987817875, 0.013218653853053026, 0.012954468316711366, 0.01314643889452566, 0.013075948990380228, 0.013158784284019242, 0.013243959315126275, 0.013199650433607097, 0.013249687852417416, 0.013251611242565402, 0.013172353156553405, 0.013114738998657135, 0.013268613813515082, 0.0131134181466255, 0.013242004124346441, 0.013130615537039427, 0.013222594788043754, 0.013251045025497803, 0.013265839016581217, 0.013125658897978506, 0.013201628175937587, 0.013202535598062108, 0.013237441489330325, 0.013293468265636718, 0.013082807104455882, 0.013200831106594521, 0.013105908709668566]
profDiffArray: [0.0, 0.023684900479336506, 0.02365600871345677, 0.02312280132993612, 0.02374765529074628, 0.02408351444320113, 0.02369655544162456, 0.024068356335439443, 0.02417372484372022, 0.023954161501947527, 0.023538333904423194, 0.02372943505624113, 0.023938367059218178, 0.023164625707924914, 0.023563306128934543, 0.023105770440180924, 0.024162667281578308, 0.023464544463480713, 0.02419053333682732, 0.023320989638952933, 0.023020483569046183, 0.023372911293193185, 0.022992788152843738, 0.02300240790012605, 0.023401370253751524, 0.023902467700259323, 0.022599737607263668, 0.024158805268783976, 0.022953170398570383, 0.023795588271810497, 0.023460011680603004, 0.023183887269378412, 0.023172902368584387, 0.023860153534053664, 0.023503840772403604, 0.02354839568904633, 0.023094979632648945, 0.022517867884818195, 0.024016092450868776, 0.023207743441060174, 0.023663236897572472]