abilities: [0.0, 0.0018396768603023406, 0.002207612232362808, 0.0022811993067749043, 0.0022959167216573214, 0.002298860204633806, 0.0022994489012291026, 0.0022995666405481617, 0.0022995901884119755, 0.0022995948979847337, 0.002299595839899288, 0.0022995960282822, 0.00229959606595878, 0.0022995960734940985, 0.002299596075001161, 0.002299596075302574, 0.002299596075362856, 0.0022995960753749126, 0.0022995960753773256, 0.002299596075377808, 0.0022995960753779045, 0.002314307270742858, 0.002317249509815852, 0.0023178379576304486, 0.0023179556471933666, 0.002317979185105952, 0.0023179838926884696, 0.0023179848342049724, 0.0023179850225082733, 0.002317985060168933, 0.0023179850677010664, 0.0023179850692074924, 0.002317985069508777, 0.0023179850695690353, 0.0023179850695810855, 0.0023179850695834946, 0.002317985069583978, 0.0023179850695840775, 0.002317985069584093, 0.0023179850695840987, 0.002317985069584098]
engagements: [0.0, 0.008465265660857941, 0.010158318793029534, 0.010496929419463855, 0.010564651544750727, 0.010578195969808095, 0.010580904854819571, 0.01058144663182186, 0.01058155498722232, 0.010581576658302413, 0.010581580992518425, 0.010581581859361634, 0.010581582032730266, 0.010581582067403993, 0.010581582074338736, 0.010581582075725697, 0.010581582076003087, 0.010581582076058568, 0.010581582076069664, 0.010581582076071884, 0.010581582076072318, 0.01064927558227464, 0.01066281428351509, 0.010665522023763203, 0.010666063571812816, 0.010666171881422746, 0.010666193543344716, 0.010666197875729123, 0.010666198742206008, 0.010666198915501367, 0.010666198950160452, 0.010666198957092265, 0.01066619895847862, 0.010666198958755903, 0.010666198958811353, 0.010666198958822443, 0.010666198958824664, 0.010666198958825108, 0.01066619895882519, 0.010666198958825212, 0.010666198958825215]
profDiffArray: [0.0, 0.0337498362792678, 0.0337498362792678, 0.0337498362792678, 0.0337498362792678, 0.0337498362792678, 0.0337498362792678, 0.0337498362792678, 0.0337498362792678, 0.0337498362792678, 0.0337498362792678, 0.0337498362792678, 0.0337498362792678, 0.0337498362792678, 0.0337498362792678, 0.0337498362792678, 0.0337498362792678, 0.0337498362792678, 0.0337498362792678, 0.0337498362792678, 0.0337498362792678, 0.033505130749628916, 0.033505130749628916, 0.033505130749628916, 0.033505130749628916, 0.033505130749628916, 0.033505130749628916, 0.033505130749628916, 0.033505130749628916, 0.033505130749628916, 0.033505130749628916, 0.033505130749628916, 0.033505130749628916, 0.033505130749628916, 0.033505130749628916, 0.033505130749628916, 0.033505130749628916, 0.033505130749628916, 0.033505130749628916, 0.033505130749628916, 0.033505130749628916]