abilities: [0.0, 0.00485285962028106, 0.005798306755508376, 0.005983993404923221, 0.00602343543579231, 0.006069325158416894, 0.006084327218348844, 0.006053534118899338, 0.006069377848982602, 0.006056878876246322, 0.0060872950246120714, 0.006075305250798152, 0.006091434769457083, 0.006064664847611388, 0.006082866274388547, 0.006061733506059043, 0.006005407084694992, 0.006074861084040169, 0.006072000227203501, 0.006086018060383621, 0.00606529328323658, 0.006006263011057168, 0.005983387938529029, 0.006082447238107314, 0.0060562593545561445, 0.005942723549721244, 0.005985862056982218, 0.006053735938123101, 0.006051498333339566, 0.006043855711429722, 0.006041278957458314, 0.006121588063714428, 0.006057953680039888, 0.006082151063978307, 0.006019881263118973, 0.00601745542530076, 0.006056171681954647, 0.006086357749840556, 0.006031979378497492, 0.006091585196993393, 0.0060456063469025495]
engagements: [0.0, 0.010578055177647868, 0.012638900276522664, 0.013043652067622069, 0.013129626114163224, 0.013229654562540558, 0.013262355409083786, 0.01319523393214955, 0.013229769415174926, 0.013202524690700346, 0.013268824505836089, 0.01324268971132421, 0.013277848144024383, 0.013219496217007621, 0.013259170906124133, 0.013213106604467523, 0.013090328687987427, 0.013241721535683098, 0.013235485562701904, 0.01326604103400186, 0.013220866054019053, 0.013092194399546302, 0.013042332297954866, 0.013258257508817994, 0.01320117428390204, 0.012953693808026922, 0.013047725275201653, 0.013195673849034034, 0.013190796414136246, 0.013174137354820724, 0.01316852065707512, 0.01334357500105295, 0.013204867501892705, 0.013257611921159582, 0.01312187888106949, 0.013116591143879275, 0.013200983178927077, 0.01326678147450498, 0.013148249833875284, 0.013278176039513593, 0.013177953314909494]
profDiffArray: [0.0, 0.023169332801832813, 0.023969207131708855, 0.023874390471937863, 0.02348787286950254, 0.023105731785602098, 0.022764973922944, 0.02354529508422677, 0.02324284325826416, 0.023248677280890608, 0.023336144224978473, 0.023217151479226466, 0.02296505795290829, 0.023060118744820845, 0.023019837486144782, 0.02345011960665397, 0.024071333201101813, 0.023194542399060773, 0.023281814184236034, 0.02328059155222797, 0.023013157261445413, 0.023817443883510803, 0.024091106356334536, 0.02287625571690654, 0.02370560293908322, 0.02470765315966766, 0.024080607712766135, 0.023214013775685157, 0.023457561457826164, 0.02313943007073447, 0.023595996711862757, 0.022899207344994014, 0.023382543802474735, 0.023215951106750423, 0.023972778740191315, 0.023629498241348017, 0.0233128800278025, 0.022975598058126368, 0.02377422946816804, 0.023094201863453272, 0.023700103292322007]