abilities: [0.0, 0.003859906396081543, 0.004631887675297859, 0.004786283931141118, 0.004817163182309774, 0.004823339032543499, 0.004824574202590247, 0.0048248212365995975, 0.0048248706434014695, 0.0048248805247618435, 0.004824882501033912, 0.0048248828962883265, 0.0048248829753392095, 0.004824882991149387, 0.004824882994311427, 0.00482488299494383, 0.00482488299507031, 0.004824882995095609, 0.004824882995100668, 0.004824882995101679, 0.0048248829951018785, 0.004821146648167914, 0.00482039937878113, 0.00482024992490377, 0.004820220034128297, 0.004820214055973204, 0.004820212860342181, 0.004820212621215982, 0.004820212573390735, 0.004820212563825692, 0.004820212561912678, 0.004820212561530078, 0.004820212561453558, 0.004820212561438255, 0.004820212561435191, 0.004820212561434578, 0.004820212561434457, 0.004820212561434436, 0.004820212561434431, 0.004820212561434432, 0.004820212561434429]
engagements: [0.0, 0.008413658344384943, 0.010096390013261935, 0.01043293634703733, 0.010500245613792418, 0.010513707467143427, 0.010516399837813625, 0.010516938311947666, 0.01051704600677447, 0.010517067545739842, 0.010517071853532916, 0.010517072715091518, 0.010517072887403249, 0.0105170729218656, 0.010517072928758057, 0.01051707293013656, 0.010517072930412258, 0.010517072930467391, 0.01051707293047842, 0.010517072930480636, 0.010517072930481073, 0.010508928601750619, 0.010507299736004528, 0.010506973962855312, 0.010506908808225466, 0.010506895777299501, 0.010506893171114305, 0.010506892649877269, 0.010506892545629856, 0.01050689252478037, 0.010506892520610479, 0.010506892519776507, 0.01050689251960971, 0.010506892519576353, 0.010506892519569684, 0.010506892519568345, 0.010506892519568087, 0.010506892519568016, 0.010506892519568004, 0.010506892519568004, 0.010506892519568009]
profDiffArray: [0.0, 0.03410660793166788, 0.03410660793166788, 0.03410660793166788, 0.03410660793166788, 0.03410660793166788, 0.03410660793166788, 0.03410660793166788, 0.03410660793166788, 0.03410660793166788, 0.03410660793166788, 0.03410660793166788, 0.03410660793166788, 0.03410660793166788, 0.03410660793166788, 0.03410660793166788, 0.03410660793166788, 0.03410660793166788, 0.03410660793166788, 0.03410660793166788, 0.03410660793166788, 0.03415325448398155, 0.03415325448398155, 0.03415325448398155, 0.03415325448398155, 0.03415325448398155, 0.03415325448398155, 0.03415325448398155, 0.03415325448398155, 0.03415325448398155, 0.03415325448398155, 0.03415325448398155, 0.03415325448398155, 0.03415325448398155, 0.03415325448398155, 0.03415325448398155, 0.03415325448398155, 0.03415325448398155, 0.03415325448398155, 0.03415325448398155, 0.03415325448398155]