abilities: [0.0, 0.003914238346590671, 0.004780321185726019, 0.0049855043875217, 0.005043887338533978, 0.005022494928079147, 0.005030636586043757, 0.00498134678253458, 0.005029280100860042, 0.005063530738294601, 0.005063097231723129, 0.00505135015541554, 0.005062615474367279, 0.00505061300338261, 0.0050210272595276806, 0.005042815407450647, 0.0050717128705807584, 0.005062537140525452, 0.005029869661786046, 0.005037758149798113, 0.005054781749984515, 0.005081080454275202, 0.005087886200892277, 0.005058110473921161, 0.005049699279427038, 0.0050447470763150285, 0.00508720657885354, 0.0050620311342572995, 0.005050782689735571, 0.005074901202308716, 0.005036630060841554, 0.005072120712186838, 0.005065851950376835, 0.005074927402608752, 0.005081720449022304, 0.005066370960389118, 0.005083749883851297, 0.00506357301055031, 0.005041520606209519, 0.005067987911818569, 0.00506596813632461]
engagements: [0.0, 0.010563461058206164, 0.012900782277379143, 0.013454515742244539, 0.013612075393669076, 0.013554343116078577, 0.013576315228975904, 0.013443295501041022, 0.013572654445664977, 0.013665087568720423, 0.013663917652792786, 0.013632215499746586, 0.013662617521166279, 0.013630226127586702, 0.013550382279201247, 0.013609182544217084, 0.013687168910765721, 0.013662406119505362, 0.013574245509706512, 0.013595534385994834, 0.01364147643696785, 0.013712449462639085, 0.01373081631539452, 0.013650459754427028, 0.013627760235996038, 0.013614395591308115, 0.01372898220098839, 0.013661040546682358, 0.013630684064744013, 0.013695773347968223, 0.01359248998176914, 0.013688269563955977, 0.01367135188664573, 0.013695844055427666, 0.013714176633799834, 0.013672752553025282, 0.013719653524547916, 0.013665201650001992, 0.013605688229032985, 0.013677116263649276, 0.013671665440810334]
profDiffArray: [0.0, 0.02368098912994015, 0.02201887538665173, 0.021541908049544308, 0.021289856181628743, 0.02181054037623471, 0.02175966630732285, 0.022281949605464087, 0.021613461466017492, 0.021157267400889888, 0.021050624967696673, 0.021241086503735802, 0.02123476263886653, 0.021318296310813136, 0.021596662926031223, 0.021425515568100437, 0.021201744711816923, 0.021371220976389018, 0.02151340365206633, 0.021218935026517474, 0.021316846755528755, 0.020919964764328756, 0.02099222997175221, 0.02141349936073677, 0.021544180282290545, 0.02153144092158839, 0.020771050943795836, 0.02099685466051316, 0.021290006644098095, 0.020930087027923573, 0.021388303002529436, 0.02083147871894684, 0.02110172178060076, 0.02077043080864164, 0.02073894161005756, 0.02093778070883286, 0.02074572016493945, 0.02140893811725199, 0.021370392017322253, 0.021038246930125085, 0.020940498504166467]