GIMMENoBootAbilityMeans = [0.0, 0.0, 0.0, 0.0, 0.0, 0.0, 0.0, 0.0, 0.0, 0.0, 0.0, 0.0, 0.0, 0.0, 0.0, 0.0, 0.0, 0.0, 0.0, 0.0, 0.3730009379560685, 0.38330017197271293, 0.3732545560276176, 0.3915452700102023, 0.3879285593511148, 0.3923312321753457, 0.38414546161457175, 0.3816280228378853, 0.38929460035606006, 0.3793720988676897, 0.39226947199788503, 0.3865150718584648, 0.39187770291392976, 0.3870548662010267, 0.38167593860852056, 0.39592802445513786, 0.39394218866258846, 0.396203586786147, 0.38841770803392694, 0.38110306833182234]
GIMMENoBootAbilitySTDev = [0.0, 0.0, 0.0, 0.0, 0.0, 0.0, 0.0, 0.0, 0.0, 0.0, 0.0, 0.0, 0.0, 0.0, 0.0, 0.0, 0.0, 0.0, 0.0, 0.0, 0.044756392925865286, 0.044648715420528395, 0.06489176182579254, 0.04051026812578294, 0.037765513370129615, 0.03999362879376763, 0.040736498321979654, 0.038063002817194054, 0.059661707234176346, 0.04100186730233231, 0.0408465408314897, 0.04667440792156786, 0.03552042598814824, 0.03268174917196964, 0.032392087481713426, 0.04466249050474419, 0.052643502871793944, 0.038801893256131974, 0.05624628988117662, 0.027901838741042156]
GIMMENoBootEngagementMeans = [0.0, 0.0, 0.0, 0.0, 0.0, 0.0, 0.0, 0.0, 0.0, 0.0, 0.0, 0.0, 0.0, 0.0, 0.0, 0.0, 0.0, 0.0, 0.0, 0.0, 0.7468621172451871, 0.7685802615230765, 0.7537274871719641, 0.7894319511860872, 0.7795602976796636, 0.7933332701005766, 0.781365508805286, 0.7652114102528901, 0.7877236624355997, 0.7693338926215452, 0.7957563377283848, 0.7785688913935678, 0.7935446337588361, 0.7794306520737957, 0.7758171148177376, 0.7957610296741069, 0.7943047145453569, 0.8025384377682617, 0.7795512903776555, 0.7711975473378454]
GIMMENoBootEngagementSTDev = [0.0, 0.0, 0.0, 0.0, 0.0, 0.0, 0.0, 0.0, 0.0, 0.0, 0.0, 0.0, 0.0, 0.0, 0.0, 0.0, 0.0, 0.0, 0.0, 0.0, 0.016264539702121168, 0.009058295270471597, 0.046986813718816314, 0.001550732169306488, 0.0010424462481091296, 0.0008105887611873525, 0.009086791586914592, 0.005462719120833784, 0.04185316158719904, 0.0008331710927425977, 0.00199539350609686, 0.014846718929366167, 0.013841977712136709, 0.007953441922648087, 0.01969840295195668, 0.011989657207446798, 0.016467482209532796, 0.0001317634131650506, 0.03393185616109512, 0.022428678173841934]
GIMMENoBootProfDiffMeans = [0.0, 0.0, 0.0, 0.0, 0.0, 0.0, 0.0, 0.0, 0.0, 0.0, 0.0, 0.0, 0.0, 0.0, 0.0, 0.0, 0.0, 0.0, 0.0, 0.0, 0.3579910269422667, 0.3272769327549001, 0.34828192768111055, 0.29778819043507554, 0.3117488167069077, 0.2922708923150617, 0.30919586265010557, 0.3320412079108154, 0.30020407555446427, 0.3262111374344192, 0.28884415721326817, 0.3131508769225264, 0.29197197896295846, 0.311932163281028, 0.31704247667668584, 0.2888375217999941, 0.29089706240616164, 0.2792528193555033, 0.311761554955568, 0.32357553165904707]
GIMMENoBootProfDiffSTDev = [0.0, 0.0, 0.0, 0.0, 0.0, 0.0, 0.0, 0.0, 0.0, 0.0, 0.0, 0.0, 0.0, 0.0, 0.0, 0.0, 0.0, 0.0, 0.0, 0.0, 0.023001532632499037, 0.01281036402347233, 0.06644938921385157, 0.0021930664655110945, 0.001474241621998504, 0.0011463456196873147, 0.012850663900680995, 0.007725451468114375, 0.059189308744809765, 0.0011782818591573494, 0.002821912558568791, 0.02099643126666289, 0.019575512610567006, 0.011247865434565539, 0.02785774861174884, 0.01695593583096577, 0.023288536678862517, 0.00018634160592258419, 0.047986891179515226, 0.031718940859550876]
