abilities: [0.0, 0.0424465139303115, 0.05032921355781103, 0.05265006479777397, 0.05374564202817223, 0.053671115002012375, 0.05386944626638727, 0.05374799659184094, 0.05406590073600645, 0.054243460416044914, 0.054727951288416815, 0.054100134426024245, 0.054733096813335304, 0.05433278598278016, 0.055123000089955125, 0.05525445881349039, 0.05454612391217793, 0.05493595536930068, 0.05513472769139494, 0.05524449745878266, 0.05535396659076812, 0.05538169681997897, 0.05517492038507072, 0.0551846660157097, 0.05585736209900107, 0.05500503618676198, 0.05548722526171535, 0.055152263665411504, 0.05541553448768916, 0.05552516777983454, 0.055535002962277015, 0.05342528285764276, 0.05350006061481156, 0.0528863545434381, 0.053074950904197914, 0.05443562099200662, 0.053726207493238476, 0.05369305751216049, 0.053969739785403405, 0.05333053309425035, 0.053735649414613805]
engagements: [0.0, 0.6732958182882848, 0.7983329109628836, 0.8351467571435555, 0.8525250410009784, 0.8513428771336408, 0.8544888507030758, 0.8525623896010218, 0.8576050541466798, 0.8604215443362583, 0.8681066437275163, 0.8581480763692209, 0.8681882631607671, 0.8618384458666836, 0.8743729935750489, 0.8764582203849377, 0.8652224584143707, 0.8714060496122, 0.8745590193349252, 0.8763002112141455, 0.8780366343493508, 0.8784764972647962, 0.8751965645670751, 0.8753511518758604, 0.8860216031784711, 0.8725018245348946, 0.8801504123158237, 0.8748371787615008, 0.8790132376955243, 0.8807522647748243, 0.8809082725737563, 0.8474434342941963, 0.848629575311228, 0.8388948363832612, 0.8418863927982924, 0.8634696371065453, 0.8522167661889934, 0.8516909339929098, 0.8560797282735131, 0.8459404929789063, 0.8523665359955093]
profDiffArray: [0.0, 0.7505169981622518, 0.7835376135345826, 0.7570763113599547, 0.7164306883466917, 0.7252631898335373, 0.7211451886630525, 0.7356638098605419, 0.7075811342912836, 0.7029609894250838, 0.6750072095703356, 0.7092304218315016, 0.686163310437948, 0.7063231207568229, 0.6540366954995829, 0.6533057484058433, 0.699945332998096, 0.6794333148887651, 0.6696610656004343, 0.6629553650445522, 0.6608142227496328, 0.6551125397067149, 0.6666133476917564, 0.6615268345628674, 0.6317000666986049, 0.6752759277127061, 0.6474767202290886, 0.6709683346680333, 0.6506765494552021, 0.6488199280910215, 0.654090393931511, 0.7579857133339427, 0.7430517383362736, 0.7671711714841631, 0.762560156502374, 0.6887533891879127, 0.7428897976439163, 0.7388787185556809, 0.7154645392398503, 0.7480072942501937, 0.7243562718216822]