abilities: [0.0, 0.046030582981375454, 0.05538764106551292, 0.0572019277825387, 0.05758641441239971, 0.05756482047447673, 0.05764552890111982, 0.057747695538085404, 0.057634219582835676, 0.05760650614369152, 0.05754141140105179, 0.0576470907993362, 0.057670906700235856, 0.05762719113815655, 0.05753985553345836, 0.0576589352744714, 0.05764934032887002, 0.057603843659162296, 0.057589463625393515, 0.05759940542361387, 0.05760834973054448, 0.05763694798356447, 0.05765335253795369, 0.057512993518029694, 0.057603902166548794, 0.05754992968183532, 0.05757121945938271, 0.057634781380612794, 0.05772316863760962, 0.057691605060720276, 0.05762111097459065, 0.05757816528057577, 0.05757909858761622, 0.05753572331338198, 0.05756174170739728, 0.05749837448149038, 0.05745732496908108, 0.05740680749334604, 0.05746096810943163, 0.05746807094138188, 0.05754307723284346]
engagements: [0.0, 0.7301470996090471, 0.8785707861778378, 0.9073493959302182, 0.9134482063177607, 0.9131056785867961, 0.9143858931704629, 0.9160064825444325, 0.9142065023088033, 0.9137669057210424, 0.9127343587824682, 0.9144106683390301, 0.914788441329077, 0.9140950155935628, 0.9127096792729523, 0.9145985479748331, 0.9144463508648248, 0.9137246728134646, 0.9134965735961947, 0.9136542725577399, 0.9137961490959118, 0.9142497807934481, 0.9145099933962839, 0.9122835881529935, 0.9137256008703306, 0.9128694776014119, 0.9132071806744726, 0.9142154136671, 0.9156174315247657, 0.9151167632162982, 0.9139985707191933, 0.9133173567980409, 0.9133321611169202, 0.9126441331010744, 0.9130568425150404, 0.912051697821894, 0.911400561544993, 0.9105992423785075, 0.9114583498280906, 0.9115710164903739, 0.9127607825679674]
profDiffArray: [0.0, 0.5628665414682997, 0.5466933514489727, 0.5539162009897792, 0.5586723482535834, 0.565318778804081, 0.5575261882313637, 0.5472461160368646, 0.5605662976146012, 0.563792700654442, 0.559263281776226, 0.5544858896550178, 0.5567246927054057, 0.5655280105406898, 0.5621863099866621, 0.5539451558199953, 0.5563398760453971, 0.557908883459597, 0.5638515325260485, 0.5635486108694676, 0.5587214304536925, 0.558462773373537, 0.5568146976405658, 0.5645719116903098, 0.5608485785486058, 0.5614570968642421, 0.5602275995236302, 0.5581742956702495, 0.5540622858454112, 0.5563810152976711, 0.5599642242524944, 0.5600837678797648, 0.5626412698470667, 0.5601748512936927, 0.5636405561300913, 0.5641435333735455, 0.5721546446704914, 0.5684776760672345, 0.5643719985071193, 0.5680700269748219, 0.5610969693451473]