abilities: [0.0, 0.04180361165850749, 0.0503526169124915, 0.05148699864147283, 0.05213158075619667, 0.052663922534023654, 0.05220453290842266, 0.05261930713246444, 0.053643729780664284, 0.052202507274841894, 0.05321547717157099, 0.052403923379662216, 0.05299759653874853, 0.05251452621345015, 0.05226395264988899, 0.052841500148925635, 0.052630043015116264, 0.052074541674897064, 0.05283167232806742, 0.05160075642333298, 0.05246095859168305, 0.05223149289967321, 0.05206789106331617, 0.052011387893222086, 0.05252391889996934, 0.05295123416703256, 0.05319967777135623, 0.0528023089967684, 0.05230372328711378, 0.0523809122760712, 0.05344837534931481, 0.05310500935758527, 0.05293686540369553, 0.05124736693341343, 0.05221346055872731, 0.05193827801345106, 0.05279365880706612, 0.05348095030493602, 0.0515449696968061, 0.051262684931940174, 0.05248141403570944]
engagements: [0.0, 0.6630979628911517, 0.7987041400552458, 0.816697949292907, 0.8269224507230953, 0.8353665715641979, 0.8280796335982201, 0.8346588723795157, 0.8509084868078096, 0.8280475025586358, 0.844115450956928, 0.8312424085368769, 0.8406593810613829, 0.8329968146961789, 0.8290221624362475, 0.8381833462404732, 0.8348291672806933, 0.8260176844334287, 0.8380274552125889, 0.8185023999234096, 0.8321471134512038, 0.828507278831934, 0.8259121909888125, 0.825015925439023, 0.8331458035287188, 0.8399239710568407, 0.843864837440974, 0.8375616876773067, 0.8296530129173512, 0.830877401416446, 0.8478097324100367, 0.8423631865110388, 0.8396960506136053, 0.8128968591202127, 0.828221245925374, 0.8238562406553398, 0.8374244764904581, 0.8483264434274991, 0.817617498757011, 0.813139836538088, 0.8324715821448355]
profDiffArray: [0.0, 0.7932121319235611, 0.779961490216367, 0.812055940301296, 0.7984355042525592, 0.7673807215591405, 0.8027126884725103, 0.7719960968281209, 0.7206872960349106, 0.8063458419025988, 0.7405258147412096, 0.7973027750185074, 0.7601196231895376, 0.780647517727133, 0.795387741007421, 0.7616052534073333, 0.7816230830775152, 0.7989357703249111, 0.7600678535801029, 0.8279948375468701, 0.7726201326942569, 0.796587885207601, 0.8085302025874955, 0.8018541001407293, 0.7735437879259677, 0.7532962531902943, 0.7453505328165866, 0.7693422010142045, 0.7929594331685172, 0.7729257552876216, 0.7314165868709495, 0.7631491474646539, 0.7580020957334991, 0.840170975753942, 0.7834418576459518, 0.7987260433403683, 0.7450425259499655, 0.7352458996934692, 0.8314494885976318, 0.8367627436642747, 0.7595313899296675]