abilities: [0.0, 0.004549718347274221, 0.005458236826821306, 0.005641276102645783, 0.005715148906189806, 0.005704013129768712, 0.00567216768883915, 0.005695252764776564, 0.005671581728261356, 0.005650000351948621, 0.005742269833799486, 0.005680871148154138, 0.005731375705796708, 0.005760834405111615, 0.005725715311210345, 0.005716868876758592, 0.0057039500526816726, 0.005728440953364714, 0.005705699545321351, 0.0056941588808959755, 0.005692377759967388, 0.0056847987350728294, 0.005692116594450445, 0.005726450244540545, 0.0056738711849508554, 0.005666640820413938, 0.00565610422833831, 0.005645646606608426, 0.00572838522362775, 0.00568295134246003, 0.005741617949694418, 0.005681174362054562, 0.00573546324626114, 0.0057312789963981405, 0.005716019124229504, 0.005678597386717586, 0.0056934090268818, 0.0057149626853661515, 0.00569441133574481, 0.00570380750349601, 0.005688061548294326]
engagements: [0.0, 0.010527027367060609, 0.012629135270817382, 0.013052647083808107, 0.013223572175260287, 0.013197806487323003, 0.013124123282651117, 0.013177536968425625, 0.013122767501354876, 0.013072833039104215, 0.01328632391621984, 0.013144261134580332, 0.013261117348500287, 0.013329278168624852, 0.013248020465535046, 0.013227551801220849, 0.013197660541097148, 0.013254326989887042, 0.013201708474505473, 0.013175005966577063, 0.013170884852405132, 0.013153348689418608, 0.013170280574000576, 0.013249720936353132, 0.01312806479041465, 0.013111335349261528, 0.01308695603945169, 0.013062759449302153, 0.01325419804378063, 0.013149074237439783, 0.013284815602673722, 0.013144962703509257, 0.013270574999952213, 0.01326089358465214, 0.013225585664540275, 0.013139000160814096, 0.013173270972644287, 0.013223141302059491, 0.01317559009045021, 0.013197330714267435, 0.013160898107086809]
profDiffArray: [0.0, 0.023769384118566373, 0.02372409729098301, 0.023132878991921874, 0.02308990621977115, 0.02338497026922661, 0.02382936420879747, 0.023532953371142605, 0.023766013140988945, 0.024017852301657473, 0.022985937300167042, 0.02400537375013178, 0.0232159298281318, 0.022940700487667876, 0.0232182026957398, 0.023509629260443806, 0.0235946203607131, 0.023146561392158756, 0.023845533218682467, 0.023516843628153147, 0.0233075853592561, 0.02352245673683659, 0.023498201550133022, 0.022820032797740804, 0.023886411108990344, 0.023756799638538932, 0.023972946006715307, 0.024048258089133193, 0.022823180185341914, 0.024040181092888226, 0.02280224609497468, 0.024013668670400543, 0.022996164444803204, 0.023317626878371415, 0.02314843126017693, 0.02366445485456144, 0.023366354908271516, 0.023290474682722315, 0.02361515370046364, 0.023472665259637003, 0.023147717925407534]