abilities: [0.0, 0.005649659313922065, 0.006831470532393504, 0.006932603416954288, 0.007070861816607184, 0.007016016024433808, 0.007089990901311855, 0.007019777168231502, 0.007029530401986973, 0.007037094419671331, 0.007090125769767415, 0.007110556814910388, 0.0070586750438417145, 0.007034541365266005, 0.0070940010433872625, 0.007065554647382047, 0.006992996180248282, 0.007073139572182911, 0.007028395650634537, 0.007110902505347628, 0.007049117951769179, 0.007067696153156343, 0.007011820444164249, 0.006973284589295257, 0.007037336166815191, 0.007088361160133625, 0.007047584052970069, 0.007114275779231136, 0.007095197717956219, 0.007039632893929841, 0.007113646872274964, 0.007131592163223062, 0.007097328467311134, 0.007068429365549384, 0.007111568364636536, 0.007074480363620107, 0.007083932195762105, 0.007057605702348184, 0.00706804557291838, 0.007073663000619422, 0.007095046754838068]
engagements: [0.0, 0.010525643099177346, 0.012727425968735677, 0.01291584240047591, 0.013173425820882106, 0.013071244927870384, 0.013209064415570296, 0.013078252156989765, 0.013096422997365919, 0.013110515201181712, 0.013209315683328192, 0.013247379905853625, 0.01315072115613462, 0.013105758712694508, 0.013216535542928128, 0.013163538256689856, 0.01302835762252465, 0.013177669411676704, 0.013094308889757251, 0.01324802394719543, 0.013132915739094059, 0.013167528006199095, 0.013063428318397569, 0.01299163378489831, 0.013110965590137061, 0.013206028113196494, 0.013130057996633401, 0.013254308552160204, 0.013218765017082044, 0.013115244526009413, 0.01325313686201122, 0.013286569980246358, 0.013222734726757846, 0.013168894023428837, 0.013249264481684292, 0.013180167383917916, 0.013197776695600611, 0.013148728910888204, 0.013168178995489362, 0.013178644589223635, 0.013218483764033956]
profDiffArray: [0.0, 0.023546780928454115, 0.023218231607249156, 0.024351599998473177, 0.023178802480937642, 0.024020395194867192, 0.023242900967548396, 0.024323155082348426, 0.02367074100791552, 0.02376460364752575, 0.023217571534155178, 0.022853472891193154, 0.023785301528602622, 0.023838387738264265, 0.02338704174800509, 0.02333693029928891, 0.02438484362174701, 0.023099153081669214, 0.024238674953659407, 0.023202340329515892, 0.02390078420983334, 0.023404381275689903, 0.0241362910825177, 0.024383286098146058, 0.023784138640672994, 0.02295039239170618, 0.023847266374757946, 0.023158225004809487, 0.0234575022148787, 0.023723552769887173, 0.023158098474508705, 0.023187921226851656, 0.023146731056218686, 0.023529648648059953, 0.02287747973974022, 0.023464386389582245, 0.023356148060321637, 0.023580794471948125, 0.02344364105512045, 0.02372631677737805, 0.023329539917194577]