abilities: [0.0, 0.0028227727796857204, 0.0033873273356228653, 0.0035002382468102937, 0.0035228204290477807, 0.0035273368654952755, 0.0035282401527847737, 0.003528420810242674, 0.0035284569417342528, 0.0035284641680325677, 0.0035284656132922305, 0.0035284659023441696, 0.0035284659601545498, 0.00352846597171663, 0.003528465974029049, 0.0035284659744915276, 0.0035284659745840235, 0.003528465974602526, 0.0035284659746062227, 0.003528465974606967, 0.003528465974607109, 0.003511641949623077, 0.0035082771446262716, 0.0035076041836269094, 0.003507469591427038, 0.003507442672987063, 0.003507437289299068, 0.0035074362125614685, 0.003507435997213947, 0.00350743595414445, 0.003507435945530542, 0.003507435943807764, 0.0035074359434632053, 0.003507435943394299, 0.0035074359433805162, 0.0035074359433777597, 0.0035074359433772064, 0.0035074359433770984, 0.003507435943377077, 0.00350743594337707, 0.0035074359433770667]
engagements: [0.0, 0.008387736344507575, 0.010065283613409092, 0.010400793067189391, 0.010467894957945457, 0.010481315336096673, 0.010483999411726903, 0.010484536226852952, 0.010484643589878164, 0.010484665062483212, 0.010484669357004211, 0.010484670215908421, 0.01048467038768925, 0.010484670422045435, 0.010484670428916659, 0.010484670430290905, 0.010484670430565753, 0.010484670430620728, 0.010484670430631723, 0.010484670430633915, 0.010484670430634353, 0.010434678632911561, 0.010424680273366986, 0.010422680601458087, 0.010422280667076303, 0.010422200680199948, 0.010422184682824666, 0.010422181483349613, 0.010422180843454603, 0.010422180715475607, 0.010422180689879806, 0.010422180684760652, 0.010422180683736819, 0.010422180683532038, 0.01042218068349109, 0.010422180683482907, 0.010422180683481271, 0.010422180683480936, 0.010422180683480872, 0.010422180683480855, 0.010422180683480853]
profDiffArray: [0.0, 0.03422318121868326, 0.03422318121868326, 0.03422318121868326, 0.03422318121868326, 0.03422318121868326, 0.03422318121868326, 0.03422318121868326, 0.03422318121868326, 0.03422318121868326, 0.03422318121868326, 0.03422318121868326, 0.03422318121868326, 0.03422318121868326, 0.03422318121868326, 0.03422318121868326, 0.03422318121868326, 0.03422318121868326, 0.03422318121868326, 0.03422318121868326, 0.03422318121868326, 0.03398997747276625, 0.03398997747276625, 0.03398997747276625, 0.03398997747276625, 0.03398997747276625, 0.03398997747276625, 0.03398997747276625, 0.03398997747276625, 0.03398997747276625, 0.03398997747276625, 0.03398997747276625, 0.03398997747276625, 0.03398997747276625, 0.03398997747276625, 0.03398997747276625, 0.03398997747276625, 0.03398997747276625, 0.03398997747276625, 0.03398997747276625, 0.03398997747276625]