abilities: [0.0, 0.1481045429263594, 0.1770520090658087, 0.1857567299693507, 0.18883551301801438, 0.19074467256612013, 0.18982716335505812, 0.19115518939091095, 0.19053718082582505, 0.19114057479055294, 0.19311459572016398, 0.19298913842948326, 0.19393173228421623, 0.19233030952393437, 0.1919722447224013, 0.1928751903632268, 0.19260548684556755, 0.19305459905701708, 0.19295910619226528, 0.19346315221054777, 0.1921787064581202, 0.19377054509676866, 0.19584910311644033, 0.19480845035457095, 0.19434341506894232, 0.19432941752187896, 0.19620659438218496, 0.19375961801777644, 0.1933857485789187, 0.19511849647827625, 0.19483922516367375, 0.18861056753572722, 0.18631540464445265, 0.1891865974429653, 0.18901992614492227, 0.1913893473633451, 0.19033810576314858, 0.1918499233498828, 0.18994861890079912, 0.19239202112304898, 0.19148598426190463]
engagements: [0.0, 0.6629631357340422, 0.7925412198641588, 0.8315063248628036, 0.8452879390108701, 0.8538339456060771, 0.8497268819629787, 0.8556715497474312, 0.8529051464479488, 0.8556061301384884, 0.8644424769489331, 0.8638808901320335, 0.8681002406347933, 0.8609317619790088, 0.8593289498104557, 0.8633708222716985, 0.8621635433709114, 0.8641739127634754, 0.863746456266834, 0.8660027268864395, 0.8602531383398344, 0.8673787154126843, 0.8766830035546879, 0.872024710131763, 0.8699430639844149, 0.8698804065026775, 0.8782832483942633, 0.8673298023246041, 0.8656562435623759, 0.8734125753945868, 0.872162467985379, 0.8442810113409972, 0.8340071307607356, 0.8468595047891635, 0.8461134309402177, 0.8567197154592644, 0.8520140230212757, 0.8587814003626818, 0.8502705556941542, 0.8612080027644153, 0.8571522930158397]
profDiffArray: [0.0, 0.7898029580657429, 0.7908650846910042, 0.7587197623542988, 0.7437948666497547, 0.7199225445696789, 0.7392566787488407, 0.7144006629083003, 0.7278461976047971, 0.7176805222707362, 0.6934927636308723, 0.6918012013017305, 0.6836483057654205, 0.7044710654281976, 0.7142432929161459, 0.7027112540761286, 0.6958268346012464, 0.705642894820544, 0.6968222911769915, 0.6829527444612244, 0.7077736994757878, 0.6891230388114266, 0.6610260026672575, 0.6816158447598831, 0.6833652765158871, 0.6850186889464924, 0.6541175049941232, 0.6923600365432496, 0.6954914912824193, 0.665591176247378, 0.6774042282287069, 0.7728913130782248, 0.7741697092213441, 0.7381301122972714, 0.7502164414221957, 0.7131960008113217, 0.7304684997731893, 0.7132302848167473, 0.7293529497156417, 0.7033896107119472, 0.712868829089436]