abilities: [0.0, 0.1490726652690487, 0.1778218807449218, 0.18251835932909008, 0.18588325253678897, 0.18494528587289016, 0.1837898170141088, 0.1829801423723865, 0.1848624960884643, 0.1851549616736192, 0.1885079979844877, 0.181981849163501, 0.18353893584123354, 0.18445553686403915, 0.18310498643037873, 0.18379532206202354, 0.18860639645662808, 0.1879070289386497, 0.1883078544469104, 0.18671054293173014, 0.18653930079428727, 0.18569459932494162, 0.1853123325640169, 0.18358578369939996, 0.1852775186946189, 0.18632692385256117, 0.18785963275177706, 0.18375548977555806, 0.18867684977311047, 0.18457296440213794, 0.18526290252630273, 0.1858751732091238, 0.18371661845195472, 0.18540608168618755, 0.18626047800377887, 0.18494582495616751, 0.18607996130109666, 0.18562986186070615, 0.1870440697236634, 0.18354006628327915, 0.18567344603672495]
engagements: [0.0, 0.6672967598849405, 0.7959874108614967, 0.8170103457934532, 0.8320726801979785, 0.8278740424760986, 0.8227017956109799, 0.819077433867617, 0.8275034490155254, 0.8288126181847988, 0.8438218773402647, 0.8146087553040312, 0.8215787715242123, 0.8256817698272301, 0.819636275659563, 0.8227264379599306, 0.8442623402616078, 0.8411317483595083, 0.8429259710794069, 0.83577589566697, 0.8350093612841228, 0.8312282082971079, 0.8295170604450427, 0.8217884774679916, 0.8293612224702773, 0.834058694407454, 0.8409195879216844, 0.8225481359509784, 0.8445777117599784, 0.826207412912455, 0.8292957958426544, 0.8320365145524312, 0.822374135518061, 0.8299367113941524, 0.8337612616117076, 0.827876455584657, 0.8329532113190037, 0.8309384227750634, 0.8372688678841782, 0.8215838317430858, 0.8311335194373997]
profDiffArray: [0.0, 0.7756411573326917, 0.7948944270955773, 0.810297446344332, 0.7735762326475693, 0.795864662202367, 0.7978162842148367, 0.8076409123270711, 0.794415366123805, 0.7806847223672398, 0.7519243734335742, 0.8415377622758564, 0.7961707572552313, 0.7869510306970573, 0.8168013928509457, 0.798189866445916, 0.7341095295781856, 0.7622832803383667, 0.7573549851753624, 0.7778599107783849, 0.7690392803109624, 0.7815356345624639, 0.7840522483799338, 0.8132434088217885, 0.7799940091550737, 0.7710486972797955, 0.7428056174346838, 0.8121212406272714, 0.7277525154539297, 0.8081366637823525, 0.7863186469732557, 0.7761490360883818, 0.8097600780442851, 0.7823050604978501, 0.7746834354520373, 0.7944091204923397, 0.7794205245089842, 0.7851621176449408, 0.7516579866135605, 0.8213088247296948, 0.7748203439165995]