abilities: [0.0, 0.16335142290671692, 0.19627564092401995, 0.20269768960137688, 0.20386276414188456, 0.20398612127370133, 0.20398157731931535, 0.2038877450065789, 0.20392043289178782, 0.20418606007851442, 0.2044982336950724, 0.20415398737174004, 0.20435679578378296, 0.20412894777924498, 0.20435851587326237, 0.20446413441365968, 0.20396189797556954, 0.20404623396750318, 0.2041308912516358, 0.20423326159906324, 0.2039842042449231, 0.20389411774712757, 0.2041220178287501, 0.20402576817867046, 0.20410011027906685, 0.20422971962270575, 0.2042024224436462, 0.2043231267518435, 0.20439323228134668, 0.20399747117009265, 0.20375507382088023, 0.20397619956726257, 0.20419245108820486, 0.20475538016458492, 0.20451050370487614, 0.20416656877014921, 0.20454864484165622, 0.2041987430239895, 0.20449644002194714, 0.20477322322482353, 0.2044946474555161]
engagements: [0.0, 0.7312130297765518, 0.8785923227209655, 0.9073394593371199, 0.9125547042950208, 0.913106890131515, 0.913086549943505, 0.9126665266069086, 0.9128128479988828, 0.9140018799432708, 0.9153992685421445, 0.9138583122860297, 0.914766147374304, 0.9137462270897889, 0.9147738470430139, 0.915246629290944, 0.912998458929002, 0.9133759737071627, 0.913754926691605, 0.9142131689925876, 0.913098308899738, 0.9126950530246261, 0.913715206422768, 0.913284362313807, 0.9136171412483499, 0.9141973139775684, 0.9140751231043617, 0.9146154340568674, 0.9149292487498777, 0.9131576958850263, 0.9120726480968079, 0.9130624774114031, 0.9140304881394897, 0.9165503380934394, 0.9154541930165342, 0.9139146306350594, 0.9156249249005176, 0.9140586528493299, 0.9153912394895845, 0.9166302093177328, 0.9153832153909396]
profDiffArray: [0.0, 0.5630022415817539, 0.5566413410817206, 0.5571000100750472, 0.5611485280579768, 0.5651728122453962, 0.5685684493535388, 0.566143530375171, 0.5703076582774449, 0.5586661469860915, 0.5535251490640506, 0.565563419469922, 0.5552192129314865, 0.5615985937645598, 0.558794833647687, 0.5569222938421503, 0.5673869142786727, 0.5646022776967214, 0.5611906731127876, 0.557632740913916, 0.5677107167843605, 0.5666764651803112, 0.5620066250183786, 0.5628485562290634, 0.5637993215533864, 0.5602400117971044, 0.5565723501459443, 0.560944724455841, 0.5571633648137551, 0.5632017663328136, 0.5680808254440451, 0.5553625762812375, 0.5573580010221635, 0.5482732961727551, 0.5526814344060819, 0.5600664877749549, 0.5501869752420863, 0.5567281676375601, 0.5524102785369398, 0.5475749975611495, 0.5565934503895211]