timesteps=[0,1,2,3,4,5,6,7,8,9,10,11,12,13,14,15,16,17,18,19]
GAL100Abilities=[0.311605,0.328706,0.333709,0.340617,0.340125,0.34531,0.345608,0.339335,0.343799,0.34018,0.343421,0.340551,0.341835,0.344631,0.341912,0.344219,0.344895,0.343309,0.341799,0.341614]
GAL100Engagements=[0.768673,0.806302,0.825854,0.839766,0.84272,0.844695,0.846606,0.847724,0.847825,0.847918,0.847927,0.847063,0.846296,0.847686,0.846909,0.849619,0.850017,0.847883,0.849076,0.848408]

GAL100PrefDiffs=[0.0890134,0.0906053,0.0961654,0.0900347,0.0931834,0.089657,0.0901517,0.0898661,0.0922716,0.0897789,0.0834425,0.0931302,0.0897211,0.0875847,0.0996349,0.0914869,0.0838875,0.0965167,0.0818667,0.0924566]
GAL100groupSizeFreqs=[0,0,236430,123495,60950,58571,0,0,0,0,0,0,0,0,0,0,0,0,0,0,0,0,0]
GAL100configSizeFreqs=[0,0,0,0,0,8647,8582,8611,8524,8591,8564,8481,0,0,0,0,0,0,0,0,0,0,0]
GAL100avgExecTime=0.0131083

