abilities: [0.0, 0.0038426393745774343, 0.004611167249492922, 0.004764872824476022, 0.004795613939472638, 0.004801762162471962, 0.004802991807071828, 0.0048032377359918015, 0.004803286921775802, 0.004803296758932597, 0.004803298726363951, 0.004803299119850223, 0.004803299198547481, 0.004803299214286932, 0.004803299217434826, 0.004803299218064402, 0.004803299218190315, 0.004803299218215497, 0.004803299218220537, 0.004803299218221541, 0.0048032992182217415, 0.004838317656304803, 0.004845321343921417, 0.004846722081444735, 0.004847002228949404, 0.004847058258450333, 0.004847069464350519, 0.004847071705530559, 0.0048470721537665655, 0.0048470722434137675, 0.004847072261343206, 0.004847072264929093, 0.004847072265646276, 0.004847072265789709, 0.004847072265818397, 0.004847072265824135, 0.004847072265825284, 0.004847072265825511, 0.004847072265825551, 0.004847072265825566, 0.004847072265825567]
engagements: [0.0, 0.008292056535055997, 0.00995046784206719, 0.010282150103469433, 0.010348486555749888, 0.010361753846205973, 0.010364407304297182, 0.010364937995915431, 0.010365044134239079, 0.010365065361903805, 0.010365069607436756, 0.010365070456543342, 0.010365070626364676, 0.010365070660328926, 0.010365070667121777, 0.01036507066848035, 0.010365070668752065, 0.010365070668806408, 0.01036507066881728, 0.010365070668819452, 0.010365070668819882, 0.010440637184448496, 0.010455750487574206, 0.010458773148199353, 0.010459377680324388, 0.010459498586749383, 0.01045952276803439, 0.010459527604291386, 0.010459528571542793, 0.010459528764993072, 0.01045952880368312, 0.010459528811421129, 0.01045952881296874, 0.010459528813278262, 0.010459528813340162, 0.010459528813352539, 0.010459528813355014, 0.010459528813355509, 0.010459528813355618, 0.010459528813355618, 0.01045952881335563]
profDiffArray: [0.0, 0.03428803123293891, 0.03428803123293891, 0.03428803123293891, 0.03428803123293891, 0.03428803123293891, 0.03428803123293891, 0.03428803123293891, 0.03428803123293891, 0.03428803123293891, 0.03428803123293891, 0.03428803123293891, 0.03428803123293891, 0.03428803123293891, 0.03428803123293891, 0.03428803123293891, 0.03428803123293891, 0.03428803123293891, 0.03428803123293891, 0.03428803123293891, 0.03428803123293891, 0.03415347127324872, 0.03415347127324872, 0.03415347127324872, 0.03415347127324872, 0.03415347127324872, 0.03415347127324872, 0.03415347127324872, 0.03415347127324872, 0.03415347127324872, 0.03415347127324872, 0.03415347127324872, 0.03415347127324872, 0.03415347127324872, 0.03415347127324872, 0.03415347127324872, 0.03415347127324872, 0.03415347127324872, 0.03415347127324872, 0.03415347127324872, 0.03415347127324872]