abilities: [0.0, 0.004856904373225309, 0.005832426984771837, 0.006051628202142499, 0.006060248747068307, 0.0060523635755302336, 0.0061085769503245145, 0.006096911734261913, 0.006090466693128991, 0.006084025034352631, 0.006073434773631624, 0.0061058362393750865, 0.0060941939024365035, 0.006042526044800325, 0.0061189725431085385, 0.0061038008481927985, 0.006112271019566932, 0.006071653504178656, 0.006071690323756137, 0.006067196494676958, 0.006042081894248246, 0.006019125199676605, 0.006108519173413343, 0.006060406627410193, 0.006065942695186057, 0.006061028827740081, 0.006134802703620454, 0.006097786205077106, 0.006111631549869238, 0.006092018904497499, 0.0061286607513033, 0.006160154336841795, 0.006154862924889835, 0.0061186820657091355, 0.00608483714079432, 0.006103973029559803, 0.006090937875454078, 0.006090262609949688, 0.006076570237718422, 0.006095056318055726, 0.0060373058959878835]
engagements: [0.0, 0.010480745581954007, 0.012585832179381265, 0.0130588479140911, 0.013077450244135551, 0.01306043478111428, 0.013181737988723182, 0.013156565543001437, 0.013142657746761575, 0.013128757249330925, 0.013105904456742461, 0.013175823790714039, 0.013150700716003053, 0.01303920630947641, 0.013204170706102495, 0.013171431606824473, 0.013189709444802335, 0.01310206064378775, 0.01310214009699384, 0.013092442833953756, 0.013038247874107144, 0.01298870947336481, 0.013181613311550247, 0.013077790935153693, 0.01308973725186584, 0.013079133585298197, 0.01323833071257937, 0.01315845256926932, 0.01318832952897656, 0.013146007273783848, 0.013225076953669162, 0.013293037167033065, 0.013281618794716838, 0.01320354388303032, 0.013130509699111042, 0.0131718031581178, 0.013143674514169876, 0.013142217354339687, 0.013112670495117891, 0.013152561728285023, 0.013027941716353126]
profDiffArray: [0.0, 0.02421177346825373, 0.023785356863118647, 0.023493396296303898, 0.024133484278852656, 0.024089551189624418, 0.023339379100849333, 0.02367421640499872, 0.023538108584129577, 0.02365029492861885, 0.02377698586450385, 0.023656550013324094, 0.023574753256436064, 0.0243553575352699, 0.023519241453919492, 0.023525092948983688, 0.023408751265909005, 0.02349017226616332, 0.02402946960581335, 0.02377828932640978, 0.023879722326878242, 0.02420832511681888, 0.023248253335601772, 0.023831668857204884, 0.024178834719436267, 0.023860435876471364, 0.022973176334317363, 0.02367027888863375, 0.023463907285674535, 0.023674477191771504, 0.02345446615746925, 0.022736643685045813, 0.022848566932712887, 0.02335364784866346, 0.02384512958140985, 0.023342293518558595, 0.023701870469238388, 0.023637596022197588, 0.023561455335321987, 0.023799028301093803, 0.024116084306761595]