timesteps=[0,1,2,3,4,5,6,7,8,9,10,11,12,13,14,15,16,17,18,19]
GAL100Abilities=[0.326177,0.328966,0.333155,0.331278,0.330154,0.33293,0.331241,0.345089,0.352151,0.349129,0.354391,0.357518,0.320381,0.357344,0.331207,0.346688,0.331603,0.325188,0.350766,0.336634]
GAL100Engagements=[0.816625,0.856574,0.867485,0.866451,0.866191,0.862963,0.872665,0.874009,0.875247,0.887886,0.88033,0.88553,0.881915,0.877463,0.878783,0.877131,0.872995,0.869097,0.87801,0.879389]

GAL100PrefDiffs=[0,0.406823,0.391873,0.47351,0.387064,0.443656,0.4915,0.381185,0.409414,0.359774,0.417657,0.467277,0.376698,0.362687,0.507325,0.400864,0.450098,0.485954,0.395003,0.459872]
GAL100groupSizeFreqs=[0,0,7939,4120,2063,1902,0,0,0,0,0,0,0,0,0,0,0,0,0,0,0,0,0]
GAL100configSizeFreqs=[0,0,0,0,0,281,303,271,263,304,294,284,0,0,0,0,0,0,0,0,0,0,0]
GAL100avgExecTime=0.416

