abilities: [0.0, 0.008656522583697337, 0.010341284005457108, 0.010718653891426295, 0.010849940720937087, 0.010803077488819373, 0.010705459123262795, 0.010728831477696656, 0.010736667140378115, 0.010846894249965015, 0.010843339765820635, 0.010763875159994217, 0.010866361377599942, 0.010885994421511074, 0.010769647810012058, 0.010738052722541006, 0.010818227833167668, 0.01074758232212053, 0.010748601900462553, 0.010640746364804037, 0.01080071783560239, 0.010807051998322456, 0.010841023370299104, 0.010957293030823012, 0.010843882720186812, 0.010845019510618188, 0.010909369047469055, 0.010865175469230083, 0.010838036917509829, 0.010887624661554835, 0.010746165631804, 0.010755956046933945, 0.010811104462418722, 0.010926322030543945, 0.010785211494589197, 0.010829951588897232, 0.010783291018278908, 0.01083013434151731, 0.010709575146936722, 0.01072658767278936, 0.010707244711262219]
engagements: [0.0, 0.010572909786860625, 0.01263064490537065, 0.013091557208440737, 0.013251908410808604, 0.01319467056261835, 0.013075441372999612, 0.01310398791608854, 0.013113558243416899, 0.01324818750989898, 0.0132438461314951, 0.013146789594008172, 0.013271964284268063, 0.013295943705578022, 0.013153840197443858, 0.01311525056675677, 0.013213174901108285, 0.013126889835953491, 0.013128135129283071, 0.012996402457473423, 0.013191788527672995, 0.013199524951897265, 0.013241016930664982, 0.013383026452361778, 0.01324450928548986, 0.013245897739405526, 0.013324493023062703, 0.013270515838649279, 0.013237369334806669, 0.013297934849336609, 0.013125159517714527, 0.013137117341996041, 0.01320447455341336, 0.013345199069738614, 0.01317284938172014, 0.013227494070323554, 0.01317050374898134, 0.01322771728085025, 0.013080468604958422, 0.013101247376035081, 0.013077622255756174]
profDiffArray: [0.0, 0.023559241479826066, 0.02357123766563825, 0.023283909885499852, 0.022955937254756382, 0.023499859136893803, 0.023887867884181686, 0.02360914716825544, 0.023560793774496006, 0.023094125633758057, 0.023315170956667366, 0.023590829360278162, 0.022876100916305774, 0.023163636731839646, 0.023735858205596466, 0.02372735778146836, 0.023229868008101912, 0.023799964124939548, 0.02362276814606714, 0.024357152669868192, 0.02313416625986354, 0.023630808054589062, 0.02289595031376105, 0.02228604426195885, 0.0233690414687658, 0.023029297115175935, 0.023032891003013013, 0.0231827878915897, 0.02331441013124629, 0.02300137716602263, 0.024091443818126976, 0.023560614244551067, 0.023631829673520587, 0.022893646681720087, 0.023634004252257007, 0.023525270760391757, 0.023560908521075574, 0.023434258687553163, 0.024061843462898642, 0.0238328178783427, 0.024201932220598375]