abilities: [0.0, 0.005405865465149507, 0.006493311338344824, 0.00670963928569566, 0.0067522028496892796, 0.006775372881689497, 0.006768735705204228, 0.0068214283279147015, 0.006795300103129797, 0.006801655005554903, 0.006836547784581742, 0.006837585867002322, 0.00677953900647455, 0.006756089623003561, 0.006747627275679353, 0.006824358073648853, 0.006734692211841134, 0.0068253400092379915, 0.0067751733514986165, 0.006733751498494187, 0.006783042519583074, 0.006803967609901194, 0.00684427118945664, 0.006821774051488672, 0.006837417326794551, 0.006777833778585305, 0.006821353496611323, 0.006817828408433135, 0.006806681402393213, 0.006810559236862284, 0.00687170181911917, 0.0068435226244312865, 0.006754844362030419, 0.006851702170528245, 0.006798183935967993, 0.006808503011043511, 0.006922914064133398, 0.006917906392964353, 0.00675655449384447, 0.006801828827986679, 0.006792375790101873]
engagements: [0.0, 0.010461842961184745, 0.012566351115799597, 0.012985005451148883, 0.013067377704998022, 0.013112218117278831, 0.01309937334736324, 0.01320134812782415, 0.013150782795350306, 0.013163081286985664, 0.013230608452989246, 0.013232617429227152, 0.013120280719564994, 0.013074899685021745, 0.013058522705357758, 0.01320701799511637, 0.01303348978372094, 0.013208918311725751, 0.013111831971242372, 0.013031669243537188, 0.013127060985220899, 0.013167556815216672, 0.013245555374892472, 0.013202017198440535, 0.013232291257368509, 0.013116980632556653, 0.013201203308581134, 0.013194381289205644, 0.013172808753331662, 0.013180313434220643, 0.013298641220573571, 0.013244106694788956, 0.01307248976105474, 0.013259936375958748, 0.013156363808506094, 0.013176334069260965, 0.013397751061260984, 0.013388059834257724, 0.013075799338512226, 0.013163417681406917, 0.013145123441845354]
profDiffArray: [0.0, 0.023870704301378283, 0.023978359087529575, 0.023996252084121913, 0.023782645412224454, 0.02339410959197594, 0.023814032320605517, 0.02320399337331589, 0.023683276060150377, 0.023656591147099094, 0.023148945895879566, 0.022964697312404317, 0.023687897454513208, 0.023811605288525356, 0.023912146351814715, 0.023052600947991973, 0.02392921048285322, 0.023321881725083392, 0.024052562314522633, 0.023885118211837617, 0.023365912099682445, 0.023669491831917123, 0.02317132700961415, 0.02318699114586341, 0.0232040595709082, 0.023921573065289328, 0.0232521927988093, 0.023331093370284137, 0.02298403307808729, 0.02352366413251421, 0.022600570761424583, 0.023077006104726346, 0.02398145824725059, 0.022696664586061756, 0.02338431863316026, 0.02339805623905982, 0.022259571795431653, 0.02274017810286058, 0.024035144350893316, 0.02365019553560428, 0.0236692887058963]