abilities: [0.0, 0.004399955466928289, 0.005279946560313945, 0.005455944778991078, 0.005491144422726502, 0.005498184351473588, 0.0054995923372230075, 0.00549987393437289, 0.005499930253802862, 0.0054999415176888635, 0.005499943770466062, 0.005499944221021499, 0.005499944311132593, 0.0054999443291548, 0.005499944332759246, 0.005499944333480142, 0.00549994433362431, 0.005499944333653148, 0.005499944333658918, 0.005499944333660072, 0.005499944333660298, 0.005425862616149434, 0.005411046272647264, 0.005408083003946833, 0.005407490350206745, 0.005407371819458723, 0.005407348113309119, 0.005407343372079198, 0.005407342423833215, 0.005407342234184016, 0.005407342196254175, 0.00540734218866821, 0.005407342187151014, 0.005407342186847577, 0.00540734218678689, 0.005407342186774751, 0.0054073421867723214, 0.005407342186771841, 0.0054073421867717455, 0.00540734218677172, 0.005407342186771716]
engagements: [0.0, 0.00851512924766007, 0.010218155097192086, 0.010558760267098496, 0.010626881301079767, 0.010640505507876027, 0.010643230349235276, 0.010643775317507131, 0.0106438843111615, 0.010643906109892362, 0.01064391046963856, 0.010643911341587774, 0.010643911515977626, 0.010643911550855584, 0.010643911557831197, 0.010643911559226303, 0.010643911559505332, 0.010643911559561141, 0.010643911559572294, 0.01064391155957453, 0.010643911559574972, 0.010500542972271053, 0.010471869254810274, 0.010466134511318118, 0.010464987562619679, 0.010464758172879993, 0.010464712294932052, 0.010464703119342476, 0.010464701284224547, 0.010464700917200977, 0.010464700843796254, 0.010464700829115308, 0.010464700826179127, 0.010464700825591883, 0.010464700825474437, 0.010464700825450946, 0.010464700825446238, 0.01046470082544531, 0.010464700825445122, 0.010464700825445086, 0.010464700825445079]
profDiffArray: [0.0, 0.033461348504048194, 0.033461348504048194, 0.033461348504048194, 0.033461348504048194, 0.033461348504048194, 0.033461348504048194, 0.033461348504048194, 0.033461348504048194, 0.033461348504048194, 0.033461348504048194, 0.033461348504048194, 0.033461348504048194, 0.033461348504048194, 0.033461348504048194, 0.033461348504048194, 0.033461348504048194, 0.033461348504048194, 0.033461348504048194, 0.033461348504048194, 0.033461348504048194, 0.03387260785594574, 0.03387260785594574, 0.03387260785594574, 0.03387260785594574, 0.03387260785594574, 0.03387260785594574, 0.03387260785594574, 0.03387260785594574, 0.03387260785594574, 0.03387260785594574, 0.03387260785594574, 0.03387260785594574, 0.03387260785594574, 0.03387260785594574, 0.03387260785594574, 0.03387260785594574, 0.03387260785594574, 0.03387260785594574, 0.03387260785594574, 0.03387260785594574]