abilities: [0.0, 0.0045237483465982884, 0.005428498015917947, 0.0056094479497818765, 0.0056456379365546665, 0.005652875933909218, 0.005654323533380138, 0.005654613053274314, 0.005654670957253151, 0.005654682538048916, 0.0056546848542080655, 0.0056546853174399055, 0.00565468541008627, 0.00565468542861554, 0.0056546854323214005, 0.005654685433062565, 0.005654685433210809, 0.005654685433240455, 0.005654685433246381, 0.005654685433247565, 0.00565468543324781, 0.005729502195162549, 0.005744465547545492, 0.005747458218022085, 0.0057480567521174045, 0.005748176458936468, 0.005748200400300277, 0.005748205188573037, 0.005748206146227591, 0.005748206337758502, 0.005748206376064684, 0.00574820638372592, 0.005748206385258171, 0.005748206385564613, 0.005748206385625911, 0.005748206385638169, 0.005748206385640618, 0.005748206385641108, 0.005748206385641209, 0.005748206385641226, 0.005748206385641235]
engagements: [0.0, 0.008413318247247977, 0.010095981896697585, 0.010432514626587487, 0.01049982117256548, 0.010513282481761076, 0.010515974743600198, 0.010516513195968023, 0.010516620886441586, 0.010516642424536305, 0.010516646732155226, 0.010516647593679034, 0.010516647765983777, 0.010516647800444737, 0.010516647807336929, 0.010516647808715364, 0.010516647808991048, 0.010516647809046199, 0.010516647809057214, 0.01051664780905942, 0.010516647809059858, 0.010655792867535685, 0.010683621879230843, 0.010689187681569874, 0.010690300842037693, 0.01069052347413126, 0.010690568000549953, 0.010690576905833707, 0.01069057868689045, 0.010690579043101799, 0.010690579114344076, 0.010690579128592524, 0.010690579131442215, 0.010690579132012153, 0.010690579132126147, 0.010690579132148947, 0.0106905791321535, 0.010690579132154408, 0.010690579132154597, 0.01069057913215463, 0.010690579132154631]
profDiffArray: [0.0, 0.033779049450067954, 0.033779049450067954, 0.033779049450067954, 0.033779049450067954, 0.033779049450067954, 0.033779049450067954, 0.033779049450067954, 0.033779049450067954, 0.033779049450067954, 0.033779049450067954, 0.033779049450067954, 0.033779049450067954, 0.033779049450067954, 0.033779049450067954, 0.033779049450067954, 0.033779049450067954, 0.033779049450067954, 0.033779049450067954, 0.033779049450067954, 0.033779049450067954, 0.03345536920931674, 0.03345536920931674, 0.03345536920931674, 0.03345536920931674, 0.03345536920931674, 0.03345536920931674, 0.03345536920931674, 0.03345536920931674, 0.03345536920931674, 0.03345536920931674, 0.03345536920931674, 0.03345536920931674, 0.03345536920931674, 0.03345536920931674, 0.03345536920931674, 0.03345536920931674, 0.03345536920931674, 0.03345536920931674, 0.03345536920931674, 0.03345536920931674]