abilities: [0.0, 0.003876263006459104, 0.004614371421048462, 0.004766783444730429, 0.004797321699350644, 0.004814902481111257, 0.004803596733263721, 0.004761499437938152, 0.004776825310769682, 0.0047975624389764125, 0.004805477852131646, 0.004794316922199068, 0.0047825162169643325, 0.004797062643871767, 0.004793463512506082, 0.004815139031907589, 0.004793137151852347, 0.004775187941869715, 0.004815426767635472, 0.004805832654195973, 0.004806841359368273, 0.0048421652102665245, 0.004834754109779623, 0.004827324830951743, 0.00491370260421185, 0.004887885733974034, 0.004842341823799579, 0.004798003250376149, 0.004784559181256716, 0.004840155545677749, 0.004833513654640396, 0.004839935643889002, 0.004793132255276354, 0.0048383172999877265, 0.004808309101957108, 0.0048227551064996665, 0.004740274922551244, 0.004781647153719228, 0.004803140878055535, 0.004840424533926835, 0.004826830104428416]
engagements: [0.0, 0.0106296898956001, 0.012653769155274707, 0.013071721328643902, 0.013155464917772102, 0.013203675851324913, 0.013172672641930465, 0.013057231250567538, 0.013099258655649974, 0.013156125086486984, 0.013177831143866347, 0.013147225061685607, 0.013114864554417259, 0.013154754522372828, 0.0131448847972672, 0.013204324533213966, 0.013143989834119078, 0.0130947685775458, 0.013205113577082827, 0.01317880410052894, 0.013181570224282624, 0.01327843712426879, 0.013258114019301562, 0.013237741064742825, 0.013474610684295826, 0.013403814320827824, 0.013278921443079125, 0.013157333902419672, 0.013120466877288437, 0.013272926117575698, 0.013254712378742746, 0.0132723230914606, 0.013143976406473867, 0.01326788518469669, 0.013185595144299594, 0.0132252097288265, 0.012999028281271757, 0.013112481364014588, 0.013171422572084264, 0.013273663751133723, 0.013236384399955786]
profDiffArray: [0.0, 0.02290963528005378, 0.02359247980832367, 0.023545478171576362, 0.023658465290943904, 0.023079741656265713, 0.023655760533061967, 0.02414923403820509, 0.0238000121769854, 0.023524117018304147, 0.02346898654998205, 0.02361998472945447, 0.02361306439332577, 0.02341097987573862, 0.023800122747268067, 0.02318195010899218, 0.023718895357591956, 0.023946044711829526, 0.02334520328281417, 0.023742495708134716, 0.02361052166022132, 0.02270418867851223, 0.02322584050716213, 0.02283035265983159, 0.021735706552184875, 0.022486923725074007, 0.023145638490998436, 0.02352002976746852, 0.02360775574907876, 0.02258105531186585, 0.022693663565588496, 0.02287019222469385, 0.02367301962399976, 0.023127328561364482, 0.023182226219807988, 0.023100742436605252, 0.024071738957711458, 0.023280858790233016, 0.02324361259217616, 0.02269697906296471, 0.023196385128064264]