abilities: [0.0, 0.003102015757678459, 0.003722418909214152, 0.00384649953952129, 0.003871315665582717, 0.003876278890795006, 0.003877271535837462, 0.003877470064845953, 0.00387750977064765, 0.00387751771180799, 0.0038775193000400617, 0.0038775196176864726, 0.0038775196812157586, 0.003877519693921611, 0.003877519696462784, 0.0038775196969710168, 0.003877519697072662, 0.0038775196970929904, 0.0038775196970970566, 0.0038775196970978736, 0.0038775196970980363, 0.003797587461667692, 0.003781601014581623, 0.003778403725164406, 0.0037777642672809615, 0.003777636375704273, 0.0037776107973889347, 0.0037776056817258696, 0.003777604658593259, 0.0037776044539667352, 0.0037776044130414274, 0.003777604404856364, 0.0037776044032193567, 0.003777604402891952, 0.003777604402826473, 0.0037776044028133707, 0.003777604402810758, 0.003777604402810229, 0.003777604402810129, 0.003777604402810108, 0.0037776044028101047]
engagements: [0.0, 0.008506508846392142, 0.01020781061567058, 0.010548070969526256, 0.01061612304029739, 0.010629733454451623, 0.010632455537282455, 0.010632999953848643, 0.010633108837161873, 0.01063313061382451, 0.010633134969157043, 0.010633135840223552, 0.01063313601443685, 0.01063313604927951, 0.010633136056248053, 0.010633136057641747, 0.010633136057920505, 0.01063313605797624, 0.01063313605798738, 0.010633136057989618, 0.010633136057990067, 0.010413941727298134, 0.010370102861159757, 0.010361335087932085, 0.010359581533286541, 0.010359230822357438, 0.010359160680171621, 0.010359146651734456, 0.010359143846047013, 0.010359143284909523, 0.010359143172682035, 0.010359143150236545, 0.01035914314574742, 0.010359143144849623, 0.010359143144670051, 0.010359143144634136, 0.010359143144626945, 0.010359143144625528, 0.01035914314462524, 0.010359143144625186, 0.010359143144625169]
profDiffArray: [0.0, 0.03390023441199985, 0.03390023441199985, 0.03390023441199985, 0.03390023441199985, 0.03390023441199985, 0.03390023441199985, 0.03390023441199985, 0.03390023441199985, 0.03390023441199985, 0.03390023441199985, 0.03390023441199985, 0.03390023441199985, 0.03390023441199985, 0.03390023441199985, 0.03390023441199985, 0.03390023441199985, 0.03390023441199985, 0.03390023441199985, 0.03390023441199985, 0.03390023441199985, 0.03444126751745508, 0.03444126751745508, 0.03444126751745508, 0.03444126751745508, 0.03444126751745508, 0.03444126751745508, 0.03444126751745508, 0.03444126751745508, 0.03444126751745508, 0.03444126751745508, 0.03444126751745508, 0.03444126751745508, 0.03444126751745508, 0.03444126751745508, 0.03444126751745508, 0.03444126751745508, 0.03444126751745508, 0.03444126751745508, 0.03444126751745508, 0.03444126751745508]