abilities: [0.0, 0.0030065992153382117, 0.0035767195907144764, 0.003728450307005045, 0.0037537662183420853, 0.0037586244481485286, 0.003762217023494485, 0.0037386987500059405, 0.003735558090054304, 0.0037345067639351468, 0.00375157825873347, 0.003768412146399255, 0.0037518016526887675, 0.0037721766915149897, 0.0037564967755542517, 0.0037962888412293276, 0.0037582385417432884, 0.003772259513413477, 0.0037905176352413293, 0.00378320714459595, 0.0037380146138199107, 0.0037333301040182567, 0.0037386676913899273, 0.003757862203464656, 0.0037484318083152147, 0.0037661431057830095, 0.0037355516306110267, 0.0037493009240399987, 0.003760411866799332, 0.003771318696938912, 0.0037581366581007974, 0.0037597691178750652, 0.003784467654377128, 0.003787480158078231, 0.003764918076415279, 0.0037486795462548573, 0.003753337129848747, 0.0037456338397374605, 0.003758033858908489, 0.00377831957678228, 0.0037518865804334043]
engagements: [0.0, 0.01052246956824548, 0.012517771858463969, 0.013048797688774382, 0.013137398093270403, 0.013154400883344018, 0.013166974147035616, 0.013084665099717827, 0.01307367344556028, 0.013069994023627796, 0.013129740691418914, 0.013188655783851205, 0.013130522523624682, 0.013201830905835042, 0.013146954473456622, 0.01328621839596, 0.013153050291491043, 0.013202120765189092, 0.013266020379852306, 0.01324043518879909, 0.013082270765893314, 0.013065875959569099, 0.013084556401045892, 0.013151733186083689, 0.013118728771837104, 0.013180714615400227, 0.013073650838857365, 0.013121770495429208, 0.013160656475463793, 0.013198828103941653, 0.013152693720012492, 0.013158406988415049, 0.01324484670987754, 0.013255389843913274, 0.013176427268361645, 0.01311959580290578, 0.013135896373124203, 0.01310893646594475, 0.01315233394430073, 0.013223329721825088, 0.013130819753000617]
profDiffArray: [0.0, 0.023304313286226973, 0.023833229074555567, 0.02361719445902925, 0.02324023089771061, 0.023681543317506257, 0.023264948419337808, 0.0239077694657103, 0.023738627060199635, 0.023934651347186805, 0.023759012472972962, 0.023456494406280576, 0.023699139934389844, 0.023264230769342788, 0.023705223257499845, 0.022715945109041444, 0.024053182414481847, 0.023193652574787654, 0.02305587757658381, 0.023525271288388425, 0.023950416217632286, 0.024068703251674022, 0.024101216795721157, 0.0236330023887095, 0.023992981998811485, 0.02323201723617343, 0.024326170145434315, 0.02366928239381357, 0.02367893371510584, 0.023006015356308546, 0.02369748214822419, 0.023612273794530653, 0.023151924097780028, 0.023223204632919457, 0.023617822603939197, 0.023557191336286615, 0.02375251003074991, 0.02420487381888499, 0.02319200099173888, 0.02337964741874492, 0.023934346497823066]