abilities: [0.0, 0.0024153072074771086, 0.002898368648972531, 0.0029949809372716123, 0.003014303394931432, 0.0030181678864633953, 0.0030189407847697877, 0.003019095364431068, 0.003019126280363319, 0.003019132463549775, 0.0030191337001870635, 0.0030191339475145206, 0.003019133996980014, 0.0030191340068731103, 0.0030191340088517316, 0.0030191340092474554, 0.0030191340093265995, 0.0030191340093424297, 0.003019134009345596, 0.0030191340093462266, 0.0030191340093463563, 0.002973262341631881, 0.0029640880080889867, 0.002962253141380403, 0.00296188616803869, 0.002961812773370345, 0.002961798094436679, 0.002961795158649944, 0.002961794571492598, 0.002961794454061129, 0.0029617944305748343, 0.0029617944258775748, 0.0029617944249381253, 0.002961794424750236, 0.002961794424712656, 0.002961794424705141, 0.002961794424703636, 0.0029617944247033352, 0.0029617944247032754, 0.0029617944247032667, 0.0029617944247032615]
engagements: [0.0, 0.00845307098431572, 0.010143685181178858, 0.010481808020551483, 0.010549432588426022, 0.010562957502000925, 0.010565662484715911, 0.010566203481258895, 0.0105663116805675, 0.010566333320429227, 0.010566337648401576, 0.010566338513996023, 0.010566338687114934, 0.010566338721738702, 0.01056633872866347, 0.010566338730048409, 0.010566338730325406, 0.0105663387303808, 0.010566338730391877, 0.010566338730394092, 0.010566338730394545, 0.010405797469987162, 0.010373689217905694, 0.010367267567489387, 0.010365983237406137, 0.01036572637138949, 0.01036567499818615, 0.010365664723545477, 0.010365662668617359, 0.010365662257631731, 0.010365662175434599, 0.010365662158995169, 0.01036566215570729, 0.01036566215504972, 0.010365662154918194, 0.010365662154891903, 0.01036566215488663, 0.010365662154885585, 0.010365662154885371, 0.010365662154885331, 0.010365662154885328]
profDiffArray: [0.0, 0.03385884984824626, 0.03385884984824626, 0.03385884984824626, 0.03385884984824626, 0.03385884984824626, 0.03385884984824626, 0.03385884984824626, 0.03385884984824626, 0.03385884984824626, 0.03385884984824626, 0.03385884984824626, 0.03385884984824626, 0.03385884984824626, 0.03385884984824626, 0.03385884984824626, 0.03385884984824626, 0.03385884984824626, 0.03385884984824626, 0.03385884984824626, 0.03385884984824626, 0.0345047728585033, 0.0345047728585033, 0.0345047728585033, 0.0345047728585033, 0.0345047728585033, 0.0345047728585033, 0.0345047728585033, 0.0345047728585033, 0.0345047728585033, 0.0345047728585033, 0.0345047728585033, 0.0345047728585033, 0.0345047728585033, 0.0345047728585033, 0.0345047728585033, 0.0345047728585033, 0.0345047728585033, 0.0345047728585033, 0.0345047728585033, 0.0345047728585033]