abilities: [0.0, 0.0035094332425424464, 0.004211319891050932, 0.004351697220752634, 0.004379772686692971, 0.004385387779881036, 0.004386510798518651, 0.004386735402246176, 0.004386780322991678, 0.004386789307140777, 0.004386791103970599, 0.004386791463336564, 0.0043867915352097595, 0.004386791549584397, 0.004386791552459321, 0.004386791553034314, 0.004386791553149306, 0.004386791553172308, 0.004386791553176904, 0.004386791553177824, 0.0043867915531780105, 0.004391185381544283, 0.0043920641472175405, 0.004392239900352194, 0.004392275050979122, 0.00439228208110451, 0.004392283487129587, 0.004392283768334605, 0.004392283824575611, 0.004392283835823809, 0.004392283838073442, 0.004392283838523377, 0.004392283838613361, 0.004392283838631359, 0.004392283838634959, 0.0043922838386356725, 0.00439228383863582, 0.004392283838635847, 0.0043922838386358555, 0.004392283838635852, 0.004392283838635853]
engagements: [0.0, 0.008433154271920967, 0.010119785126305165, 0.010457111297181998, 0.010524576531357369, 0.010538069578192444, 0.010540768187559458, 0.010541307909432852, 0.010541415853807537, 0.010541437442682475, 0.010541441760457465, 0.010541442624012467, 0.010541442796723468, 0.01054144283126565, 0.010541442838174103, 0.010541442839555791, 0.010541442839832126, 0.010541442839887394, 0.010541442839898447, 0.010541442839900663, 0.010541442839901103, 0.010552001192175201, 0.010554112862630015, 0.010554535196720982, 0.010554619663539174, 0.010554636556902804, 0.010554639935575521, 0.010554640611310086, 0.01055464074645699, 0.010554640773486371, 0.01055464077889225, 0.010554640779973418, 0.010554640780189662, 0.010554640780232912, 0.010554640780241561, 0.010554640780243284, 0.010554640780243625, 0.0105546407802437, 0.010554640780243707, 0.010554640780243716, 0.010554640780243712]
profDiffArray: [0.0, 0.03390459087497943, 0.03390459087497943, 0.03390459087497943, 0.03390459087497943, 0.03390459087497943, 0.03390459087497943, 0.03390459087497943, 0.03390459087497943, 0.03390459087497943, 0.03390459087497943, 0.03390459087497943, 0.03390459087497943, 0.03390459087497943, 0.03390459087497943, 0.03390459087497943, 0.03390459087497943, 0.03390459087497943, 0.03390459087497943, 0.03390459087497943, 0.03390459087497943, 0.03413597624467239, 0.03413597624467239, 0.03413597624467239, 0.03413597624467239, 0.03413597624467239, 0.03413597624467239, 0.03413597624467239, 0.03413597624467239, 0.03413597624467239, 0.03413597624467239, 0.03413597624467239, 0.03413597624467239, 0.03413597624467239, 0.03413597624467239, 0.03413597624467239, 0.03413597624467239, 0.03413597624467239, 0.03413597624467239, 0.03413597624467239, 0.03413597624467239]