abilities: [0.0, 0.0043483970711217, 0.005330619139187807, 0.00547080605206879, 0.005499062005249401, 0.0054797423246081755, 0.005454732467670693, 0.005515048029955219, 0.005459324974953583, 0.005510503082462316, 0.005455510237499225, 0.005544793805354072, 0.005494889237107351, 0.0054619852273173385, 0.00545870999854103, 0.005497906457226641, 0.005496214277385043, 0.005520372903691508, 0.005509655502798778, 0.005470890948093888, 0.005447813619666311, 0.005482251867202779, 0.005487689368932608, 0.005461231565908125, 0.005489299911020016, 0.005500366073500573, 0.005513487792884748, 0.005426531568972844, 0.005490600795811068, 0.005432077826622942, 0.005483818347843094, 0.005487210980641217, 0.005469555583263433, 0.005474650416947254, 0.0054602787223536715, 0.00548462014412735, 0.00546242776555008, 0.00546188694210213, 0.005506188773427785, 0.005459824404239072, 0.005451651985403482]
engagements: [0.0, 0.010449181050605235, 0.012809456815043438, 0.01314632541504942, 0.013214224359352917, 0.013167799242796594, 0.01310770065499167, 0.01325263871381467, 0.01311873643192058, 0.013241717222873985, 0.013109569632829037, 0.013324117695046033, 0.013204197213927767, 0.013125129007882349, 0.013117258646021175, 0.013211447582001408, 0.013207381280500911, 0.013265434364449158, 0.013239680492277786, 0.013146529419863646, 0.013091074690463372, 0.01317382966377618, 0.01318689595903592, 0.013123317962481736, 0.01319076608533435, 0.013217358030228877, 0.013248889470274007, 0.013039934006393588, 0.013193892106368163, 0.013053261641701813, 0.013177593910590606, 0.013185746393854208, 0.013143320543430837, 0.01315556340872449, 0.013121028283169885, 0.013179520623906552, 0.013126192425514221, 0.013124892828896948, 0.013231349955241157, 0.013119936558528302, 0.01310029826822551]
profDiffArray: [0.0, 0.024045802120345256, 0.022443104417737114, 0.023492499731772788, 0.023201841207950383, 0.02354429093703719, 0.023634660738517544, 0.02290615940154503, 0.02407514675411212, 0.02329355083378204, 0.024019647643951453, 0.0228158559216659, 0.023517959048766662, 0.023631766998187205, 0.023895974710797234, 0.02332346224339701, 0.023448317954200944, 0.023117948503800015, 0.02366476026025588, 0.023767017606759703, 0.023678264565416458, 0.02323327288842627, 0.023320350451777244, 0.023444770269087523, 0.02349171222123195, 0.023432465443486483, 0.02310465669485147, 0.024362589492773323, 0.023296351461097976, 0.024130048820207542, 0.023394062425405794, 0.023405038768019897, 0.02371418568684243, 0.023301735255649287, 0.02367302621924624, 0.02332534476995492, 0.023688679319872827, 0.023534452968944353, 0.02307827242914371, 0.023725762810942626, 0.02361225946810446]