abilities: [0.0, 0.00588925810144304, 0.00706710972173165, 0.00730268004578937, 0.00734979411060091, 0.0073592169235632285, 0.007361101486155687, 0.007361478398674182, 0.007361553781177888, 0.007361568857678616, 0.007361571872978777, 0.007361572476038793, 0.007361572596650804, 0.007361572620773205, 0.007361572625597674, 0.0073615726265625755, 0.007361572626755562, 0.007361572626794156, 0.007361572626801877, 0.007361572626803426, 0.007361572626803729, 0.007374995308277871, 0.0073776798445727015, 0.007378216751831667, 0.0073783241332834645, 0.0073783456095738165, 0.007378349904831888, 0.007378350763883503, 0.007378350935693823, 0.007378350970055883, 0.007378350976928308, 0.0073783509783027805, 0.007378350978577681, 0.007378350978632664, 0.007378350978643663, 0.00737835097864585, 0.007378350978646294, 0.007378350978646388, 0.007378350978646404, 0.007378350978646395, 0.007378350978646399]
engagements: [0.0, 0.008390551016520625, 0.01006866121982475, 0.010404283260485573, 0.010471407668617734, 0.010484832550244176, 0.010487517526569462, 0.010488054521834513, 0.010488161920887525, 0.010488183400698143, 0.010488187696660246, 0.010488188555852686, 0.010488188727691172, 0.010488188762058868, 0.010488188768932401, 0.010488188770307107, 0.010488188770582045, 0.010488188770637036, 0.010488188770648037, 0.010488188770650239, 0.01048818877065067, 0.010507312349843057, 0.01051113706568154, 0.010511902008849227, 0.010512054997482763, 0.010512085595209473, 0.010512091714754819, 0.010512092938663894, 0.010512093183445698, 0.010512093232402073, 0.010512093242193333, 0.010512093244151581, 0.010512093244543223, 0.010512093244621575, 0.010512093244637236, 0.010512093244640369, 0.010512093244641009, 0.010512093244641127, 0.010512093244641143, 0.010512093244641144, 0.010512093244641144]
profDiffArray: [0.0, 0.03375830449714172, 0.03375830449714172, 0.03375830449714172, 0.03375830449714172, 0.03375830449714172, 0.03375830449714172, 0.03375830449714172, 0.03375830449714172, 0.03375830449714172, 0.03375830449714172, 0.03375830449714172, 0.03375830449714172, 0.03375830449714172, 0.03375830449714172, 0.03375830449714172, 0.03375830449714172, 0.03375830449714172, 0.03375830449714172, 0.03375830449714172, 0.03375830449714172, 0.03417140115811648, 0.03417140115811648, 0.03417140115811648, 0.03417140115811648, 0.03417140115811648, 0.03417140115811648, 0.03417140115811648, 0.03417140115811648, 0.03417140115811648, 0.03417140115811648, 0.03417140115811648, 0.03417140115811648, 0.03417140115811648, 0.03417140115811648, 0.03417140115811648, 0.03417140115811648, 0.03417140115811648, 0.03417140115811648, 0.03417140115811648, 0.03417140115811648]