abilities: [0.0, 0.007431285071814918, 0.008830275238516837, 0.009151471811971026, 0.009226181588059965, 0.009162118262616903, 0.009236436959246605, 0.009186600341434542, 0.009307460484073257, 0.009256611903045211, 0.009156796241017316, 0.00919670676908164, 0.009294663679056505, 0.009207398195062222, 0.009183189428583665, 0.009164884190132207, 0.00915589142371275, 0.009183115393893973, 0.009208497255226137, 0.009227439528553186, 0.00932954206472182, 0.009289046650394492, 0.00928222850902985, 0.009171544229081617, 0.009244675946297212, 0.009249056606290369, 0.009186571153386787, 0.009228152982638502, 0.00929253734424365, 0.009247064779349612, 0.00932412507229382, 0.009247758981153589, 0.009276158160546027, 0.009269081100919545, 0.00921608526793347, 0.009219247287907474, 0.009207655867342969, 0.009171320857440097, 0.009137293137916542, 0.009264466884736358, 0.00927163296211255]
engagements: [0.0, 0.010587509570703467, 0.012580680554744213, 0.013038296130335766, 0.013144736734043271, 0.013053464354541668, 0.013159347779042967, 0.013088344491864827, 0.013260536502336497, 0.013188091449685664, 0.013045881957408894, 0.01310274333384237, 0.013242304622617199, 0.01311797563536224, 0.013083484891929629, 0.01305740503017947, 0.013044592844990375, 0.013083379413135863, 0.013119541489705311, 0.013146528948563751, 0.013291996598967648, 0.013234301922661083, 0.013224587971943931, 0.013066893729029916, 0.01317108603876631, 0.013177327258038002, 0.013088302907033675, 0.013147545421742162, 0.013239275188277904, 0.01317448945991899, 0.01328427889487995, 0.01317547850396357, 0.013215939417616018, 0.013205856580555711, 0.013130352292464868, 0.01313485728943565, 0.013118342746529713, 0.013066575486711196, 0.01301809547246825, 0.013199282608822869, 0.013209492271360592]
profDiffArray: [0.0, 0.02336618463195854, 0.02393166752123137, 0.023775924077979387, 0.023638801051831793, 0.023814809332590104, 0.022986282295108615, 0.024066703133327767, 0.022790060791073364, 0.023477591143170325, 0.024272825512373378, 0.02362592849675921, 0.023068638456376484, 0.02327393003969812, 0.023951402591543193, 0.023915252018032497, 0.02407126639121002, 0.023842652572755044, 0.02349498949680106, 0.02341706406498006, 0.022744335911242104, 0.023180007021593806, 0.02330718689956275, 0.024123460399760283, 0.023512585608264035, 0.023486396894321446, 0.0241185184363716, 0.023510043235205894, 0.022838993420570303, 0.023226136907269265, 0.02287935021675546, 0.023385282144086635, 0.02331270442844684, 0.02303079564300537, 0.023799289466610706, 0.02358725758153433, 0.023778280234110917, 0.023841136323893713, 0.0239469471932519, 0.023162150233636485, 0.023319707086556025]